0 7.75
1 187.0
2 183.25
3 180.0
4 175.88
5 172.25
6 168.63
7 164.88
8 161.38
9 157.63
10 153.63
11 150.0
12 146.38
13 142.5
14 139.13
15 135.13
16 7.52
17 53.61
18 181.97
19 400.68
20 658.66
21 878.95
22 1006.18
23 1028.98
24 973.91
25 884.09
26 797.83
27 736.46
28 703.02
29 688.37
30 679.72
31 667.13
32 646.43
33 618.55
34 587.15
35 556.08
36 527.66
37 502.48
38 479.81
39 458.2
40 436.63
41 414.48
42 391.98
43 369.5
44 347.45
45 326.2
46 305.77
47 286.09
48 266.84
49 247.75
50 228.88
51 210.0
52 184.09
53 120.16
54 -25.47
55 -260.63
56 -534.59
57 -770.59
58 -913.44
59 -951.84
60 -912.28
61 -837.81
62 -767.0
63 -720.56
64 -701.75
65 -700.81
66 -705.63
67 -705.81
68 -697.88
69 -682.13
70 -662.69
71 -643.44
72 -626.31
73 -612.19
74 -600.19
75 -588.88
76 -577.69
77 -565.75
78 -553.06
79 -540.06
80 -527.0
81 -514.69
82 -502.38
83 -490.5
84 -479.06
85 -467.63
86 -456.31
87 -444.75
88 -433.38
89 -422.31
90 -411.44
91 -400.56
92 -390.31
93 -379.88
94 -369.56
95 -359.44
96 -349.13
97 -339.19
98 -329.38
99 -319.75
100 -310.13
101 -300.44
102 -291.25
103 -282.0
104 -272.94
105 -263.56
106 -251.81
107 -236.31
108 -221.0
109 -209.25
110 -203.88
111 -203.13
112 -203.19
113 -201.13
114 -195.91
115 -188.09
116 -178.59
117 -168.78
118 -159.75
119 -152.06
120 -145.13
121 -138.91
122 -132.47
123 -126.03
124 -119.19
125 -112.28
126 -105.44
127 -99.03
128 -92.34
129 -86.31
130 -80.19
131 -74.16
132 -68.37
133 -62.5
134 -56.69
135 -50.97
136 -45.47
137 -40.03
138 -34.66
139 -21.94
140 29.17
141 162.28
142 385.69
143 647.61
144 872.28
145 1003.78
146 1031.05
147 980.66
148 895.83
149 815.02
150 759.32
151 731.14
152 721.6
153 716.93
154 708.56
155 691.53
156 667.18
157 638.96
158 611.52
159 586.23
160 564.45
161 544.93
162 526.74
163 508.28
164 489.27
165 469.98
166 450.45
167 431.62
168 412.53
169 394.7
170 377.19
171 360.17
172 343.02
173 326.08
174 309.5
175 292.91
176 276.91
177 261.39
178 246.61
179 231.92
180 217.95
181 203.95
182 190.06
183 176.75
184 163.56
185 150.3
186 137.8
187 125.47
188 112.94
189 101.34
190 89.72
191 78.62
192 67.81
193 57.22
194 46.56
195 36.22
196 26.37
197 16.87
198 7.72
199 -0.78
200 -9.41
201 -18.25
202 -26.84
203 -35.59
204 -44.06
205 -52.41
206 -59.94
207 -67.0
208 -74.0
209 -81.53
210 -88.37
211 -95.31
212 -101.56
213 -107.87
214 -113.87
215 -119.87
216 -125.81
217 -131.44
218 -136.56
219 -141.81
220 -146.88
221 -151.88
222 -156.38
223 -161.13
224 -165.44
225 -169.44
226 -173.88
227 -177.31
228 -181.13
229 -184.63
230 -187.81
231 -191.31
232 -194.69
233 -198.13
234 -200.88
235 -204.31
236 -207.19
237 -209.94
238 -212.19
239 -213.88
240 -216.0
241 -225.19
242 -273.38
243 -402.31
244 -622.06
245 -880.69
246 -1101.94
247 -1229.19
248 -1253.19
249 -1199.25
250 -1110.75
251 -1026.19
252 -965.75
253 -933.44
254 -919.19
255 -911.38
256 -898.25
257 -877.5
258 -849.88
259 -818.31
260 -787.19
261 -758.38
262 -732.25
263 -709.31
264 -687.19
265 -665.19
266 -641.81
267 -619.0
268 -595.88
269 -572.56
270 -550.13
271 -528.5
272 -507.25
273 -487.0
274 -466.25
275 -445.63
276 -425.97
277 -406.03
278 -387.09
279 -367.69
280 -349.22
281 -330.78
282 -312.56
283 -294.91
284 -277.59
285 -260.19
286 -243.61
287 -226.94
288 -210.59
289 -194.41
290 -178.58
291 -163.6
292 -148.25
293 -133.76
294 -118.64
295 -104.63
296 -90.49
297 -76.47
298 -63.31
299 -50.01
300 -37.06
301 -24.76
302 -12.28
303 0.08
304 12.06
305 23.94
306 35.44
307 46.63
308 57.38
309 67.87
310 78.69
311 88.41
312 98.75
313 108.28
314 117.66
315 126.97
316 136.72
317 145.06
318 153.56
319 162.25
320 170.19
321 178.38
322 186.19
323 193.69
324 200.88
325 208.38
326 215.13
327 221.94
328 228.75
329 234.81
330 241.19
331 247.13
332 253.0
333 258.5
334 264.06
335 269.38
336 274.06
337 279.63
338 284.19
339 288.63
340 292.75
341 297.25
342 301.38
343 305.13
344 308.75
345 312.38
346 315.88
347 318.88
348 322.38
349 325.5
350 328.0
351 330.75
352 333.0
353 336.13
354 338.38
355 340.13
356 342.25
357 344.13
358 345.88
359 347.5
360 348.75
361 350.38
362 351.25
363 352.63
364 353.38
365 354.63
366 354.88
367 355.63
368 356.13
369 356.75
370 356.75
371 356.75
372 356.88
373 357.38
374 356.88
375 356.38
376 356.38
377 356.0
378 355.75
379 355.0
380 354.5
381 353.5
382 352.5
383 351.5
384 350.5
385 349.38
386 348.25
387 347.0
388 345.5
389 344.13
390 342.75
391 340.88
392 339.25
393 337.38
394 335.75
395 334.13
396 332.0
397 329.75
398 327.75
399 325.75
400 323.5
401 321.25
402 319.25
403 316.63
404 314.13
405 311.88
406 309.13
407 306.63
408 304.0
409 301.38
410 298.63
411 296.0
412 293.25
413 290.25
414 287.38
415 284.5
416 281.63
417 278.63
418 275.25
419 272.5
420 269.13
421 266.25
422 262.88
423 259.88
424 256.63
425 253.5
426 250.13
427 246.88
428 243.63
429 239.88
430 236.63
431 233.25
432 230.13
433 226.38
434 222.88
435 219.63
436 216.0
437 212.63
438 209.13
439 205.13
440 201.88
441 198.5
442 195.0
443 191.0
444 187.63
445 184.13
446 180.5
447 177.13
448 173.25
449 169.75
450 166.0
451 162.63
452 159.25
453 155.13
454 151.63
455 148.13
456 144.25
457 141.0
458 137.25
459 133.5
460 129.88
461 126.62
462 122.62
463 119.0
464 115.75
465 112.37
466 108.75
467 105.12
468 101.37
469 98.25
470 94.5
471 90.94
472 87.37
473 84.06
474 80.5
475 77.19
476 73.62
477 70.25
478 66.94
479 63.56
480 60.25
481 56.75
482 53.44
483 50.06
484 46.88
485 43.44
486 40.25
487 37.0
488 33.88
489 30.56
490 27.44
491 24.37
492 21.25
493 18.0
494 15.06
495 11.94
496 8.81
497 5.94
498 2.88
499 0.0
500 -3.0
501 -5.81
502 -8.75
503 -11.5
504 -14.34
505 -17.22
506 -19.94
507 -22.72
508 -25.5
509 -28.12
510 -25.03
511 9.75
512 116.62
513 311.69
514 557.41
515 783.13
516 928.66
517 972.75
518 933.31
519 849.61
520 760.75
521 692.03
522 650.48
523 629.48
524 617.3
525 603.62
526 582.9
527 555.11
528 522.99
529 490.07
530 459.14
531 430.98
532 405.58
533 381.59
534 357.97
535 333.97
536 309.78
537 285.63
538 261.84
539 238.41
540 215.72
541 193.75
542 172.16
543 151.16
544 130.53
545 110.28
546 90.31
547 70.87
548 51.69
549 32.94
550 14.56
551 -3.19
552 -20.62
553 -37.75
554 -54.56
555 -70.87
556 -86.87
557 -102.31
558 -117.31
559 -132.31
560 -146.94
561 -161.13
562 -174.81
563 -188.25
564 -201.25
565 -214.13
566 -226.75
567 -238.5
568 -250.75
569 -262.0
570 -273.0
571 -283.63
572 -294.38
573 -304.38
574 -314.5
575 -324.0
576 -333.25
577 -342.13
578 -350.88
579 -359.63
580 -367.5
581 -375.5
582 -382.88
583 -390.25
584 -397.25
585 -404.13
586 -410.25
587 -416.88
588 -422.75
589 -428.88
590 -434.38
591 -439.38
592 -444.5
593 -449.25
594 -453.88
595 -458.0
596 -462.25
597 -465.63
598 -469.5
599 -472.88
600 -476.63
601 -479.38
602 -482.25
603 -484.5
604 -487.25
605 -489.25
606 -491.75
607 -493.25
608 -494.75
609 -496.25
610 -498.25
611 -498.75
612 -499.75
613 -500.25
614 -501.0
615 -501.25
616 -501.5
617 -502.0
618 -501.5
619 -501.5
620 -501.25
621 -501.0
622 -499.75
623 -499.5
624 -498.0
625 -497.0
626 -496.0
627 -494.75
628 -492.75
629 -491.5
630 -489.5
631 -487.75
632 -485.75
633 -483.75
634 -481.25
635 -478.75
636 -476.5
637 -473.5
638 -471.25
639 -468.5
640 -465.5
641 -463.0
642 -459.25
643 -456.0
644 -453.25
645 -450.0
646 -446.75
647 -442.5
648 -439.5
649 -435.5
650 -431.75
651 -428.25
652 -424.5
653 -420.5
654 -416.25
655 -412.0
656 -408.0
657 -404.25
658 -399.75
659 -394.75
660 -390.0
661 -386.5
662 -381.5
663 -377.0
664 -373.0
665 -367.5
666 -362.75
667 -358.0
668 -354.0
669 -348.25
670 -343.25
671 -339.0
672 -333.5
673 -328.75
674 -324.25
675 -319.25
676 -314.0
677 -308.5
678 -303.25
679 -298.25
680 -292.63
681 -287.38
682 -282.63
683 -276.88
684 -272.13
685 -266.0
686 -261.13
687 -256.5
688 -250.75
689 -245.63
690 -240.5
691 -234.75
692 -229.13
693 -223.5
694 -218.38
695 -213.63
696 -208.25
697 -202.5
698 -197.0
699 -192.0
700 -187.13
701 -181.38
702 -176.0
703 -170.63
704 -165.25
705 -160.25
706 -155.38
707 -149.5
708 -145.25
709 -139.38
710 -135.13
711 -129.75
712 -124.5
713 -119.87
714 -113.62
715 -108.0
716 -102.87
717 -97.25
718 -92.87
719 -88.37
720 -82.37
721 -77.75
722 -73.37
723 -67.5
724 -63.25
725 -58.5
726 -53.69
727 -48.94
728 -43.75
729 -38.56
730 -34.0
731 -29.31
732 -25.31
733 -20.81
734 -15.81
735 -11.94
736 -7.0
737 -2.69
738 1.69
739 5.94
740 10.19
741 15.38
742 19.5
743 23.19
744 27.12
745 31.19
746 35.69
747 40.66
748 45.06
749 49.34
750 53.66
751 55.94
752 59.63
753 63.78
754 67.41
755 72.0
756 75.56
757 78.53
758 81.98
759 79.37
760 36.8
761 -87.41
762 -303.45
763 -557.99
764 -775.11
765 -898.64
766 -918.9
767 -859.84
768 -767.18
769 -679.26
770 -615.04
771 -579.31
772 -561.33
773 -550.39
774 -534.5
775 -511.67
776 -480.47
777 -445.97
778 -411.72
779 -381.25
780 -352.97
781 -327.91
782 -303.03
783 -278.81
784 -248.25
785 -176.5
786 -24.37
787 218.38
788 499.94
789 742.38
790 891.81
791 935.81
792 902.38
793 835.06
794 769.25
795 729.94
796 716.25
797 721.63
798 732.88
799 738.56
800 735.25
801 725.75
802 710.88
803 696.63
804 683.38
805 674.75
806 668.63
807 661.0
808 655.13
809 647.25
810 639.0
811 630.25
812 614.5
813 559.13
814 422.63
815 195.5
816 -69.25
817 -297.0
818 -430.5
819 -461.38
820 -414.88
821 -331.88
822 -254.38
823 -200.13
824 -174.75
825 -168.63
826 -166.38
827 -160.5
828 -147.38
829 -125.87
830 -102.0
831 -77.5
832 -56.25
833 -37.5
834 -21.87
835 -7.25
836 8.5
837 23.75
838 39.75
839 54.5
840 71.12
841 85.75
842 99.87
843 113.75
844 126.87
845 139.63
846 152.5
847 165.25
848 178.25
849 189.13
850 200.38
851 211.75
852 223.0
853 233.5
854 243.75
855 253.25
856 263.25
857 272.25
858 281.5
859 290.25
860 298.5
861 306.0
862 314.75
863 322.25
864 329.75
865 336.0
866 343.5
867 349.75
868 355.5
869 362.25
870 367.75
871 373.5
872 378.75
873 383.75
874 388.75
875 392.75
876 397.25
877 401.0
878 405.75
879 408.75
880 412.5
881 415.25
882 418.5
883 422.0
884 424.25
885 427.0
886 429.0
887 430.25
888 432.75
889 434.0
890 435.5
891 436.75
892 438.0
893 439.0
894 439.75
895 440.25
896 440.5
897 440.75
898 441.0
899 441.0
900 440.75
901 440.25
902 440.0
903 439.25
904 438.0
905 437.5
906 436.25
907 435.25
908 433.0
909 432.25
910 431.0
911 428.75
912 427.0
913 425.0
914 423.0
915 420.75
916 418.5
917 415.5
918 413.0
919 410.5
920 408.0
921 405.25
922 402.0
923 398.75
924 396.0
925 393.0
926 390.0
927 386.0
928 382.75
929 379.0
930 375.75
931 371.5
932 368.0
933 364.0
934 360.25
935 356.5
936 353.0
937 347.75
938 344.25
939 340.25
940 335.5
941 331.0
942 326.75
943 322.25
944 317.75
945 313.5
946 309.0
947 304.0
948 299.5
949 294.75
950 289.75
951 285.5
952 281.25
953 275.75
954 270.75
955 266.25
956 261.25
957 256.5
958 251.63
959 246.25
960 241.25
961 236.38
962 231.13
963 226.38
964 221.0
965 216.0
966 211.0
967 206.0
968 200.88
969 195.63
970 190.5
971 185.5
972 180.13
973 174.88
974 170.13
975 165.0
976 159.88
977 154.5
978 149.63
979 144.38
980 139.25
981 133.88
982 128.63
983 123.75
984 118.62
985 113.37
986 108.5
987 103.62
988 98.37
989 93.75
990 88.62
991 83.5
992 78.87
993 73.75
994 68.75
995 63.75
996 58.75
997 54.38
998 49.75
999 44.5
1000 39.75
1001 35.06
1002 30.12
1003 25.56
1004 21.0
1005 16.19
1006 11.56
1007 7.13
1008 2.38
1009 -2.06
1010 -6.31
1011 -11.0
1012 -15.38
1013 -19.81
1014 -23.81
1015 -28.31
1016 -32.56
1017 -36.69
1018 -40.88
1019 -45.06
1020 -49.25
1021 -53.41
1022 -57.22
1023 -61.44
1024 -65.34
1025 -69.16
1026 -72.94
1027 -76.87
1028 -80.66
1029 -84.31
1030 -88.06
1031 -91.77
1032 -95.27
1033 -98.92
1034 -102.42
1035 -105.86
1036 -109.25
1037 -112.66
1038 -116.08
1039 -119.39
1040 -122.58
1041 -125.86
1042 -128.97
1043 -132.08
1044 -135.08
1045 -138.16
1046 -141.13
1047 -143.94
1048 -146.83
1049 -149.7
1050 -152.41
1051 -155.14
1052 -157.88
1053 -160.56
1054 -163.13
1055 -165.66
1056 -168.06
1057 -170.66
1058 -173.03
1059 -175.22
1060 -177.66
1061 -179.91
1062 -182.09
1063 -184.19
1064 -186.34
1065 -188.38
1066 -190.31
1067 -192.31
1068 -194.31
1069 -196.25
1070 -197.88
1071 -199.63
1072 -201.38
1073 -202.94
1074 -204.88
1075 -206.44
1076 -207.69
1077 -209.38
1078 -210.69
1079 -212.25
1080 -213.38
1081 -214.75
1082 -208.5
1083 -163.88
1084 -36.75
1085 180.31
1086 437.0
1087 655.75
1088 781.56
1089 803.44
1090 747.63
1091 657.69
1092 571.31
1093 509.88
1094 476.63
1095 461.63
1096 452.63
1097 439.5
1098 417.88
1099 389.25
1100 357.25
1101 325.75
1102 297.38
1103 272.38
1104 249.63
1105 228.13
1106 206.38
1107 184.13
1108 161.63
1109 138.75
1110 116.37
1111 94.87
1112 74.0
1113 53.63
1114 33.88
1115 14.88
1116 -4.38
1117 -22.87
1118 -41.25
1119 -58.75
1120 -76.0
1121 -92.75
1122 -109.12
1123 -124.87
1124 -140.63
1125 -155.75
1126 -170.0
1127 -184.38
1128 -198.0
1129 -211.63
1130 -225.0
1131 -237.75
1132 -250.63
1133 -263.0
1134 -275.25
1135 -286.25
1136 -297.75
1137 -310.75
1138 -341.25
1139 -416.75
1140 -565.0
1141 -783.75
1142 -1026.5
1143 -1232.0
1144 -1354.25
1145 -1384.75
1146 -1345.75
1147 -1273.75
1148 -1204.0
1149 -1153.5
1150 -1126.5
1151 -1116.5
1152 -1111.25
1153 -1102.75
1154 -1087.5
1155 -1065.75
1156 -1040.25
1157 -1015.25
1158 -992.0
1159 -971.25
1160 -952.5
1161 -934.5
1162 -916.25
1163 -898.0
1164 -879.25
1165 -860.0
1166 -840.5
1167 -821.75
1168 -803.75
1169 -785.5
1170 -768.0
1171 -750.75
1172 -732.75
1173 -715.5
1174 -699.0
1175 -682.25
1176 -665.0
1177 -649.25
1178 -632.5
1179 -616.5
1180 -600.5
1181 -584.5
1182 -569.75
1183 -554.0
1184 -538.5
1185 -523.75
1186 -508.75
1187 -494.75
1188 -479.75
1189 -465.75
1190 -451.5
1191 -437.25
1192 -424.0
1193 -410.25
1194 -396.75
1195 -383.25
1196 -370.25
1197 -357.25
1198 -344.38
1199 -331.75
1200 -319.0
1201 -307.13
1202 -294.75
1203 -282.88
1204 -271.13
1205 -259.38
1206 -247.88
1207 -236.38
1208 -225.5
1209 -214.25
1210 -203.5
1211 -192.5
1212 -182.25
1213 -171.75
1214 -161.25
1215 -151.5
1216 -141.38
1217 -131.5
1218 -122.0
1219 -112.37
1220 -103.25
1221 -93.62
1222 -84.75
1223 -75.75
1224 -66.75
1225 -58.5
1226 -49.75
1227 -41.13
1228 -33.13
1229 -18.75
1230 29.25
1231 150.38
1232 359.5
1233 615.25
1234 847.75
1235 998.38
1236 1047.94
1237 1015.69
1238 941.13
1239 862.63
1240 804.44
1241 772.56
1242 761.31
1243 758.06
1244 752.75
1245 739.94
1246 719.94
1247 695.06
1248 669.63
1249 646.13
1250 625.56
1251 607.56
1252 590.81
1253 574.38
1254 557.63
1255 540.31
1256 522.81
1257 505.31
1258 488.44
1259 472.06
1260 456.0
1261 440.38
1262 425.44
1263 409.88
1264 395.19
1265 380.0
1266 365.44
1267 351.25
1268 337.56
1269 324.25
1270 311.31
1271 298.44
1272 286.25
1273 274.31
1274 262.38
1275 250.5
1276 239.13
1277 227.44
1278 216.25
1279 205.38
1280 194.81
1281 184.31
1282 174.44
1283 164.88
1284 155.0
1285 146.31
1286 137.63
1287 129.13
1288 120.56
1289 112.94
1290 104.5
1291 95.56
1292 87.62
1293 79.69
1294 71.94
1295 64.87
1296 57.81
1297 50.31
1298 43.63
1299 37.13
1300 30.69
1301 24.75
1302 18.44
1303 12.38
1304 6.5
1305 1.25
1306 -4.5
1307 -9.75
1308 -15.0
1309 -19.81
1310 -24.5
1311 -29.06
1312 -33.75
1313 -37.69
1314 -42.31
1315 -46.13
1316 -50.44
1317 -54.19
1318 -57.38
1319 -61.0
1320 -64.37
1321 -67.66
1322 -70.72
1323 -73.69
1324 -76.44
1325 -79.34
1326 -82.22
1327 -84.31
1328 -87.09
1329 -89.16
1330 -91.12
1331 -93.34
1332 -95.28
1333 -96.87
1334 -98.78
1335 -100.31
1336 -101.87
1337 -103.16
1338 -104.66
1339 -105.87
1340 -107.31
1341 -108.19
1342 -108.84
1343 -109.94
1344 -110.5
1345 -111.56
1346 -112.12
1347 -112.62
1348 -113.12
1349 -113.56
1350 -113.78
1351 -113.94
1352 -114.37
1353 -113.97
1354 -114.34
1355 -114.22
1356 -114.31
1357 -113.66
1358 -113.41
1359 -113.5
1360 -113.25
1361 -112.5
1362 -111.78
1363 -111.25
1364 -111.0
1365 -110.22
1366 -109.87
1367 -109.59
1368 -108.28
1369 -107.19
1370 -106.09
1371 -105.25
1372 -104.16
1373 -103.28
1374 -101.94
1375 -101.09
1376 -99.97
1377 -98.84
1378 -96.94
1379 -96.34
1380 -94.91
1381 -93.56
1382 -92.12
1383 -90.25
1384 -89.84
1385 -88.94
1386 -87.53
1387 -85.62
1388 -84.28
1389 -81.84
1390 -79.45
1391 -78.06
1392 -76.19
1393 -74.81
1394 -74.44
1395 -73.08
1396 -70.69
1397 -68.83
1398 -67.47
1399 -65.11
1400 -62.73
1401 -61.41
1402 -60.08
1403 -57.75
1404 -55.44
1405 -53.62
1406 -52.32
1407 -51.04
1408 -48.74
1409 -46.48
1410 -45.2
1411 -42.95
1412 -40.71
1413 -38.98
1414 -37.76
1415 -35.55
1416 -33.35
1417 -32.17
1418 -29.49
1419 -28.33
1420 -26.18
1421 -24.05
1422 -22.92
1423 -20.31
1424 -19.22
1425 -16.64
1426 -14.57
1427 -13.52
1428 -11.48
1429 -9.46
1430 -7.45
1431 -5.47
1432 -4.0
1433 -1.52
1434 -0.09
1435 1.81
1436 3.72
1437 4.63
1438 6.48
1439 8.83
1440 10.17
1441 12.52
1442 14.31
1443 15.59
1444 17.86
1445 19.11
1446 20.34
1447 22.08
1448 24.75
1449 25.44
1450 27.06
1451 29.72
1452 30.34
1453 31.91
1454 33.53
1455 35.59
1456 36.13
1457 37.63
1458 38.63
1459 40.59
1460 42.13
1461 44.53
1462 46.47
1463 47.34
1464 49.28
1465 50.63
1466 51.94
1467 52.75
1468 54.06
1469 55.84
1470 56.56
1471 58.34
1472 59.5
1473 61.22
1474 61.41
1475 63.03
1476 64.16
1477 65.34
1478 66.31
1479 68.0
1480 69.06
1481 70.0
1482 71.56
1483 72.5
1484 72.94
1485 74.44
1486 74.87
1487 76.25
1488 77.12
1489 78.0
1490 78.94
1491 79.69
1492 80.94
1493 81.31
1494 82.0
1495 82.81
1496 83.56
1497 84.75
1498 85.5
1499 86.12
1500 87.25
1501 87.31
1502 88.44
1503 88.56
1504 89.69
1505 90.19
1506 90.69
1507 90.69
1508 91.19
1509 92.12
1510 92.69
1511 93.06
1512 94.0
1513 94.44
1514 94.25
1515 94.69
1516 95.56
1517 95.81
1518 94.56
1519 95.0
1520 95.75
1521 95.94
1522 95.69
1523 96.94
1524 98.19
1525 98.31
1526 97.56
1527 96.75
1528 96.81
1529 98.0
1530 98.12
1531 99.19
1532 98.81
1533 99.37
1534 99.37
1535 98.87
1536 99.5
1537 99.37
1538 99.44
1539 98.87
1540 99.25
1541 99.31
1542 99.25
1543 98.56
1544 98.44
1545 98.31
1546 97.75
1547 97.56
1548 97.5
1549 96.75
1550 97.62
1551 96.94
1552 97.25
1553 96.0
1554 96.31
1555 95.94
1556 95.75
1557 95.56
1558 95.19
1559 94.87
1560 94.69
1561 94.31
1562 93.44
1563 92.06
1564 90.81
1565 90.5
1566 91.19
1567 89.75
1568 90.44
1569 89.94
1570 89.69
1571 89.19
1572 88.81
1573 87.81
1574 87.94
1575 86.94
1576 86.0
1577 85.62
1578 84.69
1579 84.62
1580 84.19
1581 83.19
1582 83.19
1583 82.19
1584 81.69
1585 81.12
1586 80.12
1587 79.12
1588 79.12
1589 77.62
1590 77.0
1591 76.94
1592 76.37
1593 75.31
1594 74.31
1595 74.25
1596 73.12
1597 72.06
1598 71.5
1599 70.87
1600 70.25
1601 68.69
1602 68.12
1603 67.06
1604 67.0
1605 65.81
1606 65.19
1607 64.06
1608 63.06
1609 62.88
1610 61.75
1611 60.63
1612 60.5
1613 59.44
1614 58.88
1615 57.63
1616 57.13
1617 55.5
1618 54.88
1619 54.13
1620 53.56
1621 52.94
1622 51.81
1623 51.19
1624 50.0
1625 49.44
1626 48.31
1627 47.19
1628 46.06
1629 45.38
1630 44.25
1631 43.69
1632 42.63
1633 42.0
1634 40.88
1635 40.19
1636 39.06
1637 38.56
1638 37.44
1639 36.88
1640 36.25
1641 35.13
1642 33.94
1643 29.87
1644 6.31
1645 -71.44
1646 -235.69
1647 -466.63
1648 -700.69
1649 -857.81
1650 -888.88
1651 -822.63
1652 -7.78
1653 -7.43
1654 -7.4
1655 -7.46
1656 -7.4
1657 -7.15
1658 -6.78
1659 -6.14
1660 -4.9
1661 -3.08
1662 -1.46
1663 -0.92
1664 -1.64
1665 -3.1
1666 -4.56
1667 -5.41
1668 -5.46
1669 -4.62
1670 -3.14
1671 -1.61
1672 -0.71
1673 -0.73
1674 -1.37
1675 -2.17
1676 -2.7
1677 -2.8
1678 -2.5
1679 -1.98
1680 -1.38
1681 -0.8
1682 -0.26
1683 0.15
1684 0.33
1685 0.71
1686 2.64
1687 6.92
1688 11.76
1689 14.18
1690 12.94
1691 9.15
1692 4.65
1693 0.99
1694 -1.01
1695 -1.42
1696 -0.81
1697 0.11
1698 0.85
1699 1.22
1700 1.28
1701 1.2
1702 1.22
1703 1.64
1704 2.55
1705 3.52
1706 4.09
1707 4.17
1708 4.02
1709 3.79
1710 3.52
1711 3.19
1712 2.9
1713 2.75
1714 2.7
1715 2.77
1716 2.87
1717 3.0
1718 3.14
1719 3.72
1720 6.1
1721 11.04
1722 16.48
1723 19.05
1724 17.27
1725 12.27
1726 6.4
1727 1.79
1728 -0.5
1729 -0.6
1730 0.65
1731 2.26
1732 3.65
1733 4.76
1734 5.63
1735 6.08
1736 5.92
1737 5.25
1738 4.43
1739 3.72
1740 3.32
1741 3.33
1742 3.72
1743 4.25
1744 4.58
1745 4.59
1746 4.32
1747 3.96
1748 3.7
1749 6.06
1750 18.76
1751 45.85
1752 75.63
1753 88.67
1754 76.65
1755 46.69
1756 13.03
1757 -12.19
1758 -23.69
1759 -22.96
1760 -15.34
1761 -6.65
1762 -0.7
1763 1.25
1764 0.11
1765 -2.37
1766 -0.79
1767 17.61
1768 59.27
1769 105.8
1770 126.75
1771 108.68
1772 62.22
1773 9.6
1774 -29.88
1775 -47.62
1776 -45.92
1777 -33.34
1778 -19.12
1779 -9.34
1780 -5.82
1781 -7.28
1782 -11.09
1783 -14.74
1784 -16.8
1785 -16.99
1786 -15.85
1787 -14.2
1788 -12.64
1789 -11.42
1790 -10.69
1791 -10.51
1792 -10.77
1793 -11.17
1794 -11.44
1795 -11.45
1796 -11.19
1797 -10.76
1798 -10.29
1799 -9.85
1800 -9.36
1801 -8.59
1802 -7.47
1803 -6.38
1804 -5.88
1805 -6.13
1806 -6.88
1807 -7.69
1808 -8.17
1809 -8.22
1810 -7.89
1811 -7.39
1812 -6.87
1813 -6.17
1814 -4.46
1815 -1.3
1816 2.05
1817 3.57
1818 2.42
1819 -0.66
1820 -4.13
1821 -6.68
1822 -7.67
1823 -7.33
1824 -6.28
1825 -5.16
1826 -4.39
1827 -4.0
1828 -3.93
1829 -4.03
1830 1.99
1831 33.36
1832 100.43
1833 174.22
1834 206.54
1835 176.41
1836 101.33
1837 16.91
1838 -46.21
1839 -74.52
1840 -71.89
1841 -51.98
1842 -29.56
1843 -14.37
1844 -9.27
1845 -11.93
1846 -17.94
1847 -19.93
1848 -4.86
1849 33.37
1850 77.24
1851 97.92
1852 82.36
1853 40.15
1854 -8.11
1855 -44.38
1856 -60.5
1857 -58.49
1858 -46.34
1859 -32.76
1860 -21.29
1861 -6.48
1862 16.88
1863 40.75
1864 49.92
1865 38.35
1866 12.81
1867 -15.02
1868 -35.72
1869 -45.03
1870 -44.09
1871 -37.59
1872 -30.61
1873 -26.35
1874 -25.52
1875 -26.98
1876 -29.08
1877 -28.76
1878 -20.11
1879 -0.4
1880 21.78
1881 32.43
1882 25.47
1883 5.7
1884 -17.12
1885 -34.52
1886 -42.58
1887 -42.08
1888 -36.59
1889 -30.06
1890 -25.22
1891 -23.0
1892 -22.91
1893 -23.94
1894 -22.81
1895 -12.05
1896 12.01
1897 38.91
1898 51.25
1899 41.42
1900 15.5
1901 -13.9
1902 -35.8
1903 -45.28
1904 -43.71
1905 -36.0
1906 -27.49
1907 -21.65
1908 -19.49
1909 -20.13
1910 -21.95
1911 -22.05
1912 -15.38
1913 0.35
1914 18.15
1915 26.89
1916 21.7
1917 6.4
1918 -11.44
1919 -25.23
1920 -31.87
1921 -31.85
1922 -27.8
1923 -22.81
1924 -17.18
1925 -5.88
1926 14.5
1927 36.06
1928 45.49
1929 38.3
1930 20.57
1931 0.94
1932 -14.96
1933 -24.73
1934 -28.47
1935 -27.84
1936 -25.06
1937 -22.07
1938 -20.01
1939 -19.06
1940 -18.93
1941 -16.01
1942 -0.64
1943 32.12
1944 68.16
1945 84.86
1946 74.17
1947 45.77
1948 13.66
1949 -12.61
1950 -28.89
1951 -35.22
1952 -34.38
1953 -30.06
1954 -25.47
1955 -22.37
1956 -21.21
1957 -21.51
1958 -21.89
1959 -20.52
1960 -16.54
1961 -11.61
1962 -8.45
1963 -8.01
1964 -9.6
1965 -12.18
1966 -14.91
1967 -17.14
1968 -18.37
1969 -18.53
1970 -17.88
1971 -16.91
1972 -15.91
1973 -14.98
1974 -14.24
1975 -12.6
1976 -6.52
1977 6.0
1978 19.73
1979 26.01
1980 20.93
1981 7.68
1982 -7.24
1983 -18.25
1984 -22.84
1985 -21.8
1986 -17.62
1987 -13.01
1988 -7.04
1989 8.31
1990 38.02
1991 69.97
1992 85.54
1993 82.04
1994 70.77
1995 57.97
1996 41.3
1997 19.72
1998 -2.98
1999 -21.36
2000 -31.81
2001 -33.94
2002 -30.2
2003 -24.29
2004 -19.35
2005 -16.84
2006 -16.65
2007 -17.72
2008 -18.9
2009 -19.43
2010 -18.9
2011 -17.34
2012 -15.43
2013 -13.91
2014 -12.95
2015 -12.49
2016 -12.35
2017 -12.42
2018 -12.61
2019 -12.73
2020 -12.61
2021 -12.24
2022 -10.69
2023 -5.12
2024 5.95
2025 17.89
2026 23.29
2027 18.95
2028 7.66
2029 -5.05
2030 -14.35
2031 -18.23
2032 -17.25
2033 -13.65
2034 -9.67
2035 -6.75
2036 -5.24
2037 -4.91
2038 -5.3
2039 -4.0
2040 5.46
2041 26.53
2042 50.07
2043 60.77
2044 52.0
2045 29.22
2046 3.52
2047 -15.75
2048 -24.28
2049 -23.22
2050 -16.85
2051 -9.84
2052 -5.22
2053 -3.78
2054 -4.67
2055 -6.43
2056 -7.23
2057 -4.38
2058 3.25
2059 12.16
2060 16.68
2061 14.23
2062 6.6
2063 -2.27
2064 -8.93
2065 -11.78
2066 -11.18
2067 -8.64
2068 -5.78
2069 -0.53
2070 16.89
2071 52.13
2072 90.41
2073 107.98
2074 97.51
2075 70.03
2076 39.12
2077 12.23
2078 -7.43
2079 -18.89
2080 -23.16
2081 -22.49
2082 -19.47
2083 -16.22
2084 -13.98
2085 -13.1
2086 -10.68
2087 1.85
2088 29.32
2089 59.96
2090 73.84
2091 62.22
2092 32.35
2093 -1.36
2094 -26.7
2095 -38.25
2096 -37.43
2097 -29.61
2098 -20.61
2099 -14.31
2100 -11.9
2101 -12.48
2102 -14.38
2103 -16.05
2104 -16.41
2105 -15.17
2106 -13.09
2107 -11.39
2108 -10.75
2109 -11.09
2110 -11.84
2111 -12.48
2112 -12.62
2113 -12.23
2114 -11.51
2115 -10.66
2116 -9.72
2117 -8.57
2118 -7.21
2119 -6.11
2120 -3.23
2121 9.01
2122 35.06
2123 63.79
2124 76.29
2125 64.25
2126 34.56
2127 1.32
2128 -23.18
2129 -33.61
2130 -31.52
2131 -22.69
2132 -13.32
2133 -7.22
2134 -5.38
2135 -6.66
2136 -9.21
2137 -11.28
2138 -11.76
2139 -10.46
2140 -8.36
2141 -6.7
2142 -6.21
2143 -6.71
2144 -7.67
2145 -8.43
2146 -8.62
2147 -8.21
2148 -7.47
2149 -6.66
2150 -3.18
2151 11.32
2152 41.33
2153 73.98
2154 89.5
2155 83.34
2156 65.83
2157 45.93
2158 25.89
2159 6.63
2160 -9.52
2161 -20.3
2162 -25.0
2163 -24.72
2164 -21.66
2165 -18.07
2166 -15.38
2167 -11.36
2168 2.96
2169 32.86
2170 65.78
2171 80.27
2172 66.8
2173 33.19
2174 -4.47
2175 -32.25
2176 -44.05
2177 -41.81
2178 -32.09
2179 -21.67
2180 -14.94
2181 -12.91
2182 -14.35
2183 -17.1
2184 -15.83
2185 0.94
2186 38.9
2187 81.2
2188 100.41
2189 84.45
2190 42.94
2191 -4.0
2192 -38.96
2193 -54.21
2194 -51.97
2195 -40.1
2196 -27.04
2197 -18.03
2198 -13.88
2199 -12.84
2200 -13.33
2201 -11.4
2202 4.02
2203 39.26
2204 78.72
2205 95.94
2206 79.26
2207 38.09
2208 -8.12
2209 -42.54
2210 -57.66
2211 -55.52
2212 -43.78
2213 -30.78
2214 -17.81
2215 6.65
2216 51.05
2217 98.18
2218 117.37
2219 95.57
2220 45.01
2221 -10.76
2222 -51.84
2223 -69.74
2224 -67.14
2225 -53.3
2226 -38.06
2227 -27.89
2228 -24.58
2229 -26.44
2230 -30.38
2231 -31.56
2232 -22.09
2233 1.58
2234 28.72
2235 42.01
2236 33.76
2237 9.79
2238 -17.81
2239 -38.69
2240 -48.15
2241 -47.26
2242 -40.48
2243 -32.7
2244 -27.17
2245 -24.92
2246 -25.25
2247 -26.64
2248 -26.7
2249 -21.46
2250 -9.23
2251 4.58
2252 11.29
2253 7.13
2254 -4.96
2255 -18.85
2256 -29.11
2257 -33.35
2258 -32.21
2259 -28.07
2260 -23.48
2261 -19.53
2262 -14.67
2263 -7.34
2264 0.07
2265 3.53
2266 2.38
2267 -0.76
2268 -4.1
2269 -7.66
2270 -11.52
2271 -15.11
2272 -17.81
2273 -19.21
2274 -19.35
2275 -18.53
2276 -17.29
2277 -16.07
2278 -11.34
2279 8.66
2280 50.39
2281 96.1
2282 118.0
2283 0
2284 6.42
2285 -65.45
2286 -107.89
2287 -11.32
2288 -125.22
2289 -111.35
2290 -69.34
2291 -15.2
2292 14.94
2293 18.56
2294 28.63
2295 50.62
2296 59.15
2297 50.59
2298 48.84
2299 62.86
2300 57.24
2301 6.42
2302 -65.45
2303 -107.89
2304 -111.19
2305 125.22
2306 -111.35
2307 -69.34
2308 -15.2
2309 14.94
2310 18.56
2311 28.63
2312 50.62
2313 59.15
2314 50.59
2315 48.84
2316 62.86
2317 57.24
2318 6.42
2319 -65.45
2320 -107.89
2321 -111.19
2322 -100.69
2323 -81.01
2324 -35.0
2325 23.83
2326 59.88
2327 73.1
2328 88.68
2329 108.6
2330 106.57
2331 75.8
2332 45.05
2333 33.82
2334 20.19
2335 -19.57
2336 -67.96
2337 -84.9
2338 -71.18
2339 -55.57
2340 -41.84
2341 -9.23
2342 32.08
2343 54.01
2344 57.23
2345 68.17
2346 88.74
2347 85.11
2348 40.25
2349 -16.7
2350 -49.38
2351 -64.0
2352 -85.24
2353 -106.02
2354 -97.59
2355 -64.72
2356 -39.14
2357 -24.79
2358 1.68
2359 37.91
2360 57.06
2361 60.02
2362 72.94
2363 96.23
2364 90.3
2365 31.41
2366 -48.95
2367 -101.07
2368 -117.69
2369 -122.65
2370 -116.54
2371 -81.21
2372 -30.21
2373 -0.41
2374 7.11
2375 21.07
2376 46.15
2377 58.73
2378 58.7
2379 70.66
2380 94.99
2381 91.35
2382 29.47
2383 -59.1
2384 -117.86
2385 -133.05
2386 -128.34
2387 -108.15
2388 -60.64
2389 -2.04
2390 33.77
2391 46.25
2392 63.86
2393 87.55
2394 91.5
2395 72.41
2396 57.48
2397 57.68
2398 45.11
2399 -8.09
2400 -76.8
2401 -114.13
2402 -112.1
2403 -100.57
2404 -83.38
2405 -44.59
2406 4.61
2407 31.1
2408 35.35
2409 46.31
2410 68.91
2411 71.54
2412 39.39
2413 -1.73
2414 -23.96
2415 -39.0
2416 -70.64
2417 -105.48
2418 -109.23
2419 -84.95
2420 -64.11
2421 -52.45
2422 -26.89
2423 10.94
2424 33.67
2425 40.68
2426 58.13
2427 85.41
2428 86.93
2429 39.92
2430 -25.42
2431 -66.9
2432 -81.5
2433 -92.45
2434 -94.29
2435 -65.09
2436 -18.16
2437 11.6
2438 26.34
2439 49.69
2440 79.32
2441 92.16
2442 92.38
2443 105.58
2444 127.89
2445 116.73
2446 50.9
2447 -36.33
2448 -92.27
2449 -109.67
2450 -113.65
2451 -104.08
2452 -65.58
2453 -13.92
2454 14.27
2455 20.7
2456 33.57
2457 56.56
2458 63.34
2459 49.04
2460 40.13
2461 47.28
2462 38.61
2463 -12.48
2464 -80.86
2465 -119.6
2466 -119.47
2467 -109.32
2468 -91.25
2469 -50.33
2470 1.48
2471 30.81
2472 37.12
2473 51.12
2474 75.23
2475 79.11
2476 51.19
2477 17.02
2478 0.66
2479 -14.3
2480 -51.38
2481 -93.61
2482 -104.93
2483 -86.14
2484 -67.26
2485 -51.54
2486 -18.45
2487 25.33
2488 50.22
2489 55.86
2490 70.45
2491 94.65
2492 94.85
2493 54.3
2494 2.85
2495 -26.63
2496 -39.58
2497 -60.91
2498 -79.78
2499 -66.97
2500 -32.52
2501 -8.13
2502 4.54
2503 31.1
2504 65.16
2505 81.39
2506 82.22
2507 94.53
2508 115.46
2509 104.93
2510 40.48
2511 -44.14
2512 -98.72
2513 -115.05
2514 -119.45
2515 -113.05
2516 -78.19
2517 -29.14
2518 -0.78
2519 5.07
2520 19.62
2521 46.03
2522 59.44
2523 55.73
2524 60.28
2525 77.29
2526 70.63
2527 13.02
2528 -68.07
2529 -119.65
2530 -127.75
2531 -118.5
2532 -96.57
2533 -48.58
2534 8.48
2535 39.52
2536 44.03
2537 54.23
2538 74.58
2539 78.74
2540 57.09
2541 34.64
2542 28.63
2543 17.18
2544 -25.92
2545 -81.13
2546 -105.32
2547 -95.27
2548 -77.55
2549 -56.23
2550 -14.59
2551 37.66
2552 66.43
2553 73.44
2554 87.11
2555 109.15
2556 106.97
2557 65.29
2558 14.48
2559 -15.11
2560 -31.68
2561 -58.6
2562 -85.51
2563 -81.41
2564 -51.84
2565 -29.03
2566 -17.67
2567 7.34
2568 44.36
2569 64.29
2570 66.28
2571 78.49
2572 102.58
2573 99.44
2574 47.05
2575 -24.86
2576 -70.62
2577 -85.69
2578 -94.36
2579 -95.94
2580 -68.99
2581 -23.53
2582 4.03
2583 11.32
2584 27.06
2585 54.89
2586 70.96
2587 72.87
2588 87.01
2589 113.5
2590 109.99
2591 47.99
2592 -42.45
2593 -104.31
2594 -122.09
2595 -118.69
2596 -100.3
2597 -53.81
2598 3.5
2599 35.05
2600 38.05
2601 44.52
2602 64.68
2603 69.14
2604 47.05
2605 23.15
2606 16.22
2607 6.6
2608 -31.69
2609 -82.62
2610 -104.82
2611 -94.05
2612 -77.12
2613 -58.33
2614 -18.96
2615 30.82
2616 61.13
2617 67.89
2618 81.35
2619 104.92
2620 108.5
2621 78.04
2622 40.6
2623 21.98
2624 8.04
2625 -23.53
2626 -59.06
2627 -63.25
2628 -39.4
2629 -18.5
2630 -4.3
2631 24.78
2632 63.09
2633 80.29
2634 77.81
2635 84.86
2636 104.82
2637 101.83
2638 53.86
2639 -11.69
2640 -53.89
2641 -70.68
2642 -84.07
2643 -91.82
2644 -70.25
2645 -27.6
2646 0.67
2647 12.17
2648 32.82
2649 64.02
2650 78.93
2651 78.44
2652 88.94
2653 111.83
2654 107.75
2655 47.44
2656 -37.58
2657 -95.06
2658 -111.76
2659 -112.04
2660 -100.3
2661 -60.9
2662 -6.84
2663 24.46
2664 29.98
2665 40.19
2666 62.05
2667 69.96
2668 55.28
2669 42.98
2670 46.02
2671 37.8
2672 -9.62
2673 -76.85
2674 -115.45
2675 -114.68
2676 -100.9
2677 -79.23
2678 -34.25
2679 21.32
2680 55.14
2681 65.38
2682 80.03
2683 104.03
2684 110.29
2685 91.48
2686 71.57
2687 67.6
2688 55.64
2689 12.29
2690 -40.42
2691 -62.4
2692 -50.91
2693 -35.52
2694 -20.52
2695 12.61
2696 54.92
2697 77.59
2698 79.55
2699 90.47
2700 110.78
2701 105.14
2702 57.03
2703 -3.89
2704 -42.01
2705 -60.03
2706 -82.62
2707 -103.99
2708 -95.9
2709 -62.12
2710 -36.64
2711 -23.89
2712 1.0
2713 36.16
2714 56.0
2715 58.39
2716 70.26
2717 93.5
2718 90.53
2719 34.81
2720 -44.65
2721 -98.38
2722 -115.11
2723 -120.91
2724 -116.9
2725 -84.15
2726 -34.69
2727 -4.67
2728 1.32
2729 13.0
2730 37.33
2731 52.19
2732 50.89
2733 58.35
2734 79.49
2735 76.16
2736 19.36
2737 -65.92
2738 -124.17
2739 -138.62
2740 -130.91
2741 -111.01
2742 -63.77
2743 -4.95
2744 30.83
2745 39.78
2746 51.9
2747 74.14
2748 83.17
2749 73.11
2750 66.12
2751 72.94
2752 65.69
2753 17.99
2754 -46.27
2755 -79.94
2756 -76.05
2757 -62.67
2758 -43.91
2759 -5.06
2760 41.93
2761 66.99
2762 71.56
2763 82.83
2764 104.48
2765 105.42
2766 74.83
2767 40.51
2768 24.5
2769 9.13
2770 -29.6
2771 -73.72
2772 -86.18
2773 -67.51
2774 -49.25
2775 -35.65
2776 -6.42
2777 32.29
2778 51.15
2779 48.82
2780 55.51
2781 74.63
2782 72.32
2783 28.01
2784 -31.64
2785 -66.5
2786 -78.78
2787 -91.68
2788 -99.95
2789 -78.38
2790 -37.74
2791 -11.47
2792 -2.2
2793 17.5
2794 47.51
2795 63.5
2796 66.58
2797 81.86
2798 105.5
2799 99.41
2800 40.35
2801 -38.67
2802 -87.71
2803 -101.3
2804 -106.49
2805 -102.62
2806 -70.27
2807 -23.45
2808 3.44
2809 10.08
2810 24.17
2811 48.38
2812 59.1
2813 53.96
2814 58.87
2815 77.46
2816 71.39
2817 12.35
2818 -68.4
2819 -119.65
2820 -128.92
2821 -122.07
2822 -102.28
2823 -57.4
2824 -2.67
2825 26.56
2826 31.02
2827 41.68
2828 60.99
2829 63.61
2830 39.71
2831 15.26
2832 8.03
2833 -3.13
2834 -43.94
2835 -93.62
2836 -111.58
2837 -98.61
2838 -83.0
2839 -68.51
2840 -33.89
2841 10.41
2842 36.05
2843 45.21
2844 63.77
2845 89.41
2846 91.05
2847 55.91
2848 15.59
2849 -4.62
2850 -19.4
2851 -51.29
2852 -83.62
2853 -82.41
2854 -56.44
2855 -35.7
2856 -22.89
2857 6.55
2858 42.73
2859 60.82
2860 64.98
2861 81.85
2862 105.3
2863 97.52
2864 43.54
2865 -22.45
2866 -60.83
2867 -76.85
2868 -93.47
2869 -102.92
2870 -81.27
2871 -41.8
2872 -19.18
2873 -12.52
2874 5.83
2875 34.01
2876 44.93
2877 41.49
2878 51.08
2879 72.57
2880 63.11
2881 -1.53
2882 -89.82
2883 -146.05
2884 1.0
2885 17.15
