0 12.07
1 16.14
2 -69.34
3 -63.08
4 -56.63
5 -50.48
6 -44.88
7 -38.79
8 -33.02
9 -27.3
10 -22.13
11 -16.76
12 -11.93
13 -6.9
14 -2.14
15 2.8
16 7.2
17 12.07
18 16.14
19 7.52
20 53.61
21 181.97
22 400.68
23 658.66
24 878.95
25 1006.18
26 1028.99
27 974.02
28 884.49
29 798.74
30 737.96
31 704.99
32 690.61
33 682.05
34 669.43
35 648.7
36 620.76
37 589.28
38 558.09
39 529.57
40 504.26
41 481.41
42 459.7
43 431.98
44 371.0
45 235.45
46 11.2
47 -261.17
48 -509.09
49 -673.36
50 -735.06
51 -714.0
52 -650.25
53 -583.0
54 -536.44
55 -516.84
56 -516.94
57 -524.75
58 -529.81
59 -527.13
60 -516.88
61 -502.19
62 -486.75
63 -473.31
64 -462.47
65 -454.03
66 -446.44
67 -438.88
68 -430.63
69 -421.53
70 -412.16
71 -402.63
72 -393.5
73 -384.88
74 -376.56
75 -368.59
76 -360.5
77 -352.47
78 -344.34
79 -336.31
80 -328.19
81 -320.38
82 -312.63
83 -297.31
84 -243.84
85 -115.37
86 73.97
87 261.44
88 403.78
89 500.88
90 566.03
91 605.47
92 620.88
93 612.88
94 573.91
95 480.06
96 306.0
97 60.53
98 -204.75
99 -423.06
100 -550.56
101 -582.63
102 -546.53
103 -481.94
104 -422.59
105 -386.13
106 -373.91
107 -377.09
108 -384.06
109 -386.66
110 -381.59
111 -370.06
112 -355.5
113 -341.0
114 -328.94
115 -319.25
116 -311.31
117 -303.91
118 -296.28
119 -287.94
120 -279.16
121 -270.22
122 -261.44
123 -253.19
124 -245.03
125 -237.22
126 -229.41
127 -221.91
128 -214.41
129 -207.03
130 -199.53
131 -192.22
132 -185.0
133 -177.78
134 -170.88
135 -163.97
136 -157.25
137 -150.47
138 -143.44
139 -136.72
140 -129.97
141 -123.25
142 -116.41
143 -109.28
144 -102.31
145 -95.94
146 -89.5
147 -82.3
148 -73.62
149 -63.84
150 -54.0
151 -43.75
152 -32.3
153 -19.78
154 -7.22
155 5.83
156 19.52
157 33.8
158 48.0
159 61.52
160 74.94
161 88.56
162 101.59
163 113.62
164 124.96
165 136.23
166 147.08
167 156.99
168 166.53
169 176.53
170 186.84
171 196.91
172 206.29
173 215.49
174 224.39
175 231.8
176 237.48
177 241.76
178 244.9
179 246.91
180 247.19
181 246.66
182 245.8
183 244.59
184 242.05
185 238.68
186 235.49
187 232.1
188 227.85
189 223.16
190 218.72
191 214.84
192 210.92
193 206.38
194 202.23
195 198.68
196 194.91
197 190.33
198 185.57
199 181.38
200 177.91
201 174.05
202 170.27
203 167.06
204 164.42
205 160.88
206 156.63
207 152.02
208 147.91
209 143.91
210 139.38
211 135.63
212 132.53
213 129.58
214 126.36
215 122.77
216 119.73
217 117.17
218 113.27
219 108.86
220 104.83
221 100.98
222 97.05
223 92.08
224 87.55
225 83.29
226 78.18
227 72.24
228 65.34
229 58.37
230 50.81
231 42.59
232 34.05
233 26.95
234 20.55
235 13.7
236 6.42
237 -1.31
238 -9.22
239 -18.3
240 -28.41
241 -38.69
242 -48.11
243 -57.44
244 -66.8
245 -76.19
246 -84.73
247 -93.2
248 -101.93
249 -110.55
250 -116.85
251 -121.95
252 -127.61
253 -134.7
254 -140.44
255 -146.49
256 -156.34
257 -171.94
258 -189.13
259 -202.51
260 -212.61
261 -220.34
262 -224.47
263 -218.14
264 -178.72
265 -76.39
266 84.66
267 251.85
268 372.2
269 436.67
270 458.98
271 436.65
272 372.95
273 306.77
274 279.4
275 274.73
276 241.57
277 168.19
278 106.57
279 98.23
280 125.09
281 150.45
282 172.91
283 206.51
284 236.41
285 223.88
286 157.16
287 77.79
288 34.38
289 36.62
290 53.32
291 51.24
292 16.8
293 -40.58
294 -100.8
295 -146.09
296 -166.31
297 -161.08
298 -138.37
299 -109.34
300 -81.07
301 -57.16
302 -36.96
303 -20.45
304 -5.7
305 9.28
306 24.88
307 39.46
308 51.27
309 60.34
310 67.2
311 72.11
312 74.46
313 75.65
314 77.07
315 79.46
316 81.96
317 83.9
318 86.58
319 89.71
320 92.55
321 94.48
322 95.88
323 97.62
324 98.95
325 100.02
326 99.8
327 100.2
328 99.84
329 98.95
330 96.94
331 94.54
332 92.03
333 88.54
334 83.94
335 79.12
336 73.94
337 68.56
338 62.23
339 55.56
340 49.58
341 43.13
342 35.86
343 28.3
344 20.14
345 12.2
346 4.22
347 -3.47
348 -11.05
349 -17.86
350 -24.83
351 -32.23
352 -40.06
353 -48.3
354 -56.72
355 -65.05
356 -74.78
357 -84.44
358 -94.47
359 -105.45
360 -115.75
361 -126.47
362 -137.31
363 -148.75
364 -159.88
365 -171.13
366 -181.44
367 -191.19
368 -200.56
369 -209.78
370 -216.91
371 -224.19
372 -230.06
373 -236.19
374 -239.91
375 -242.84
376 -245.44
377 -247.47
378 -247.75
379 -245.66
380 -244.16
381 -241.0
382 -236.66
383 -228.81
384 -220.78
385 -211.25
386 -201.06
387 -190.16
388 -179.38
389 -169.13
390 -159.94
391 -149.81
392 -139.75
393 -129.5
394 -120.34
395 -110.25
396 -101.19
397 -93.0
398 -86.37
399 -80.47
400 -74.66
401 -70.41
402 -67.97
403 -65.72
404 -64.03
405 -62.81
406 -63.13
407 -63.13
408 -63.41
409 -64.44
410 -65.69
411 -67.41
412 -69.31
413 -70.75
414 -72.91
415 -75.75
416 -77.84
417 -79.84
418 -81.87
419 -83.87
420 -85.56
421 -86.22
422 -86.41
423 -86.3
424 -85.67
425 -84.8
426 -82.39
427 -80.53
428 -78.91
429 -76.8
430 -74.44
431 -71.58
432 -68.48
433 -65.19
434 -60.86
435 -56.59
436 -52.61
437 -49.42
438 -47.0
439 -44.3
440 -43.41
441 -43.02
442 -41.86
443 -40.45
444 -39.83
445 -39.16
446 -39.27
447 -39.64
448 -40.7
449 -42.28
450 -43.59
451 -44.88
452 -45.9
453 -47.15
454 -47.88
455 -48.09
456 -48.05
457 -47.76
458 -47.45
459 -45.9
460 -43.59
461 -40.31
462 -36.55
463 -31.82
464 -25.87
465 -19.23
466 -13.39
467 -7.36
468 -0.63
469 5.04
470 10.66
471 15.47
472 20.74
473 25.21
474 29.88
475 32.0
476 34.61
477 36.68
478 37.72
479 38.0
480 38.03
481 38.3
482 37.81
483 36.82
484 35.58
485 32.84
486 30.12
487 26.43
488 22.77
489 19.39
490 16.78
491 13.96
492 11.15
493 8.85
494 7.85
495 7.58
496 6.84
497 6.56
498 7.33
499 8.31
500 8.3
501 9.05
502 10.0
503 11.97
504 12.89
505 14.34
506 16.52
507 17.89
508 19.78
509 20.39
510 22.23
511 23.83
512 26.14
513 28.44
514 31.19
515 33.41
516 36.11
517 38.06
518 39.44
519 40.84
520 42.7
521 44.03
522 45.38
523 46.69
524 49.69
525 52.19
526 54.44
527 56.13
528 58.78
529 60.69
530 62.5
531 63.63
532 65.19
533 65.44
534 65.94
535 66.47
536 66.97
537 67.47
538 67.94
539 67.41
540 67.03
541 66.5
542 66.19
543 65.59
544 64.81
545 64.5
546 64.16
547 63.0
548 63.22
549 63.38
550 64.47
551 65.09
552 65.66
553 67.28
554 68.31
555 69.16
556 69.41
557 69.62
558 69.16
559 68.87
560 68.12
561 68.09
562 67.78
563 68.0
564 67.75
565 67.91
566 68.56
567 68.28
568 67.69
569 67.56
570 66.72
571 61.84
572 37.47
573 -24.84
574 -122.37
575 -220.53
576 -291.72
577 -328.97
578 -339.59
579 -326.53
580 -298.84
581 -275.09
582 -269.97
583 -278.19
584 -284.72
585 -286.66
586 -287.34
587 -280.66
588 -256.5
589 -213.56
590 -171.75
591 -148.97
592 -141.94
593 -137.66
594 -135.97
595 -144.5
596 -161.25
597 -178.31
598 -189.88
599 -193.5
600 -191.81
601 -185.69
602 -176.56
603 -164.75
604 -152.19
605 -139.31
606 -127.75
607 -117.0
608 -106.12
609 -95.81
610 -85.87
611 -75.37
612 -65.81
613 -56.38
614 -46.69
615 -37.56
616 -28.25
617 -19.69
618 -11.56
619 -2.75
620 5.19
621 13.31
622 21.12
623 28.62
624 36.25
625 43.31
626 50.38
627 56.75
628 63.63
629 70.0
630 76.44
631 82.5
632 88.69
633 94.19
634 99.94
635 105.5
636 110.37
637 115.81
638 120.81
639 125.44
640 129.94
641 134.44
642 138.69
643 142.81
644 147.44
645 151.19
646 154.88
647 158.25
648 161.63
649 165.38
650 168.31
651 171.25
652 174.13
653 176.94
654 179.69
655 181.94
656 184.88
657 186.81
658 188.81
659 191.19
660 193.25
661 195.0
662 196.5
663 198.25
664 200.0
665 201.13
666 202.75
667 203.5
668 204.63
669 205.75
670 206.88
671 207.5
672 208.13
673 208.88
674 209.5
675 209.25
676 210.25
677 210.38
678 210.38
679 210.5
680 210.38
681 210.25
682 210.25
683 210.13
684 209.63
685 209.38
686 208.75
687 208.0
688 207.5
689 206.88
690 206.38
691 205.5
692 204.5
693 203.75
694 202.75
695 201.63
696 200.63
697 199.38
698 198.13
699 197.0
700 195.88
701 194.38
702 192.75
703 191.38
704 190.0
705 188.38
706 186.75
707 185.0
708 183.56
709 181.69
710 180.0
711 178.13
712 176.31
713 174.44
714 172.56
715 170.5
716 168.63
717 166.44
718 164.56
719 162.31
720 160.31
721 158.19
722 156.0
723 153.69
724 151.75
725 149.38
726 147.0
727 144.81
728 142.38
729 140.19
730 137.75
731 135.44
732 133.19
733 130.81
734 128.38
735 125.87
736 123.25
737 120.87
738 118.44
739 116.12
740 113.62
741 111.19
742 108.81
743 106.19
744 103.56
745 100.87
746 98.56
747 96.0
748 93.5
749 90.94
750 88.56
751 85.87
752 83.31
753 80.69
754 78.12
755 75.75
756 73.19
757 70.62
758 67.94
759 65.56
760 63.0
761 60.44
762 57.88
763 55.31
764 52.88
765 50.44
766 47.91
767 45.41
768 42.94
769 40.47
770 38.03
771 35.5
772 33.06
773 30.66
774 28.22
775 25.75
776 23.37
777 21.09
778 18.72
779 16.28
780 13.91
781 11.66
782 9.28
783 7.03
784 4.81
785 2.44
786 0.16
787 -2.0
788 -4.23
789 -6.42
790 -8.67
791 -10.8
792 -12.97
793 -15.08
794 -17.22
795 -19.31
796 -21.39
797 -23.5
798 -25.54
799 -27.55
800 -29.45
801 -31.43
802 -33.43
803 -35.34
804 -37.17
805 -39.23
806 -40.96
807 -42.9
808 -44.71
809 -46.54
810 -48.36
811 -50.03
812 -51.8
813 -53.55
814 -55.26
815 -56.91
816 -58.51
817 -60.16
818 -61.8
819 -63.25
820 -64.89
821 -66.33
822 -67.94
823 -69.44
824 -70.86
825 -72.25
826 -73.67
827 -75.09
828 -76.42
829 -77.77
830 -79.09
831 -80.41
832 -81.75
833 -82.87
834 -84.09
835 -85.28
836 -86.47
837 -87.66
838 -88.75
839 -89.91
840 -90.94
841 -91.91
842 -92.97
843 -93.94
844 -95.0
845 -95.91
846 -96.81
847 -97.72
848 -98.56
849 -99.44
850 -100.28
851 -101.09
852 -101.87
853 -102.62
854 -103.41
855 -104.09
856 -104.81
857 -105.44
858 -106.09
859 -106.69
860 -107.31
861 -107.75
862 -108.31
863 -108.87
864 -109.44
865 -109.81
866 -110.37
867 -110.75
868 -111.19
869 -111.62
870 -111.94
871 -112.25
872 -112.62
873 -112.87
874 -113.19
875 -113.5
876 -113.69
877 -113.81
878 -114.0
879 -114.25
880 -114.5
881 -114.5
882 -114.62
883 -114.75
884 -114.81
885 -114.94
886 -115.0
887 -114.94
888 -114.94
889 -115.0
890 -114.87
891 -114.75
892 -114.69
893 -114.56
894 -114.5
895 -114.25
896 -114.12
897 -114.06
898 -113.81
899 -113.69
900 -113.37
901 -113.25
902 -112.87
903 -112.5
904 -112.37
905 -111.94
906 -111.69
907 -111.37
908 -110.87
909 -110.56
910 -110.12
911 -109.75
912 -109.44
913 -108.94
914 -108.5
915 -108.06
916 -107.56
917 -107.12
918 -106.5
919 -105.94
920 -105.56
921 -105.0
922 -104.44
923 -103.81
924 -103.31
925 -102.56
926 -102.06
927 -101.44
928 -100.69
929 -100.25
930 -99.44
931 -98.87
932 -98.06
933 -97.44
934 -96.69
935 -96.0
936 -95.31
937 -94.56
938 -93.87
939 -93.06
940 -92.37
941 -91.69
942 -90.81
943 -90.0
944 -89.31
945 -88.56
946 -87.62
947 -86.69
948 -85.75
949 -84.94
950 -84.19
951 -83.31
952 -82.75
953 -81.94
954 -81.06
955 -80.25
956 -79.31
957 -78.31
958 -77.44
959 -76.5
960 -75.69
961 -74.81
962 -73.87
963 -73.0
964 -72.0
965 -71.25
966 -70.25
967 -69.37
968 -68.37
969 -67.31
970 -66.5
971 -65.5
972 -64.62
973 -63.63
974 -62.69
975 -61.75
976 -60.69
977 -59.88
978 -58.81
979 -57.88
980 -57.06
981 -56.0
982 -55.0
983 -53.94
984 -53.06
985 -52.06
986 -51.19
987 -50.13
988 -49.25
989 -48.25
990 -47.31
991 -46.38
992 -45.31
993 -44.31
994 -43.44
995 -42.5
996 -41.44
997 -40.56
998 -39.5
999 -38.63
1000 -37.56
1001 -36.63
1002 -35.69
1003 -34.75
1004 -33.81
1005 -32.81
1006 -31.87
1007 -30.87
1008 -30.0
1009 -29.06
1010 -28.19
1011 -27.12
1012 -26.25
1013 -25.37
1014 -24.44
1015 -23.5
1016 -22.56
1017 -21.69
1018 -20.81
1019 -19.91
1020 -19.03
1021 -18.12
1022 -17.22
1023 -16.34
1024 -15.44
1025 -14.56
1026 -13.69
1027 -12.84
1028 -11.91
1029 -11.13
1030 -10.25
1031 -9.41
1032 -8.53
1033 -7.75
1034 -6.84
1035 -6.03
1036 -5.22
1037 -4.44
1038 -3.59
1039 -2.84
1040 -2.03
1041 -1.22
1042 -0.41
1043 0.34
1044 1.12
1045 1.84
1046 2.63
1047 3.44
1048 4.16
1049 4.88
1050 5.66
1051 6.41
1052 7.03
1053 7.78
1054 8.53
1055 9.22
1056 9.91
1057 10.56
1058 11.25
1059 11.94
1060 12.56
1061 13.25
1062 13.94
1063 14.53
1064 15.22
1065 15.81
1066 16.44
1067 17.06
1068 17.64
1069 18.27
1070 18.84
1071 19.42
1072 20.0
1073 20.58
1074 21.11
1075 21.69
1076 22.27
1077 22.78
1078 23.33
1079 23.83
1080 24.34
1081 24.86
1082 25.36
1083 25.83
1084 26.34
1085 26.81
1086 27.27
1087 27.77
1088 28.19
1089 28.64
1090 29.09
1091 29.52
1092 29.93
1093 30.35
1094 30.76
1095 31.15
1096 31.54
1097 31.93
1098 32.3
1099 32.66
1100 33.04
1101 33.39
1102 33.73
1103 34.05
1104 34.39
1105 34.71
1106 35.02
1107 35.33
1108 35.63
1109 35.91
1110 36.2
1111 36.48
1112 36.75
1113 37.01
1114 37.26
1115 37.51
1116 37.75
1117 37.97
1118 38.2
1119 38.41
1120 38.63
1121 38.87
1122 39.14
1123 39.42
1124 39.63
1125 39.77
1126 39.84
1127 39.9
1128 39.97
1129 40.08
1130 40.23
1131 40.38
1132 40.54
1133 40.66
1134 40.78
1135 40.88
1136 40.96
1137 41.06
1138 41.19
1139 41.33
1140 41.48
1141 41.59
1142 41.62
1143 41.57
1144 41.52
1145 41.47
1146 41.48
1147 41.49
1148 41.54
1149 41.59
1150 41.6
1151 41.61
1152 41.6
1153 41.59
1154 41.56
1155 41.55
1156 41.5
1157 41.47
1158 41.43
1159 41.4
1160 41.35
1161 41.3
1162 41.2
1163 41.17
1164 41.09
1165 40.98
1166 40.92
1167 40.81
1168 40.72
1169 40.64
1170 40.55
1171 40.42
1172 40.31
1173 40.19
1174 40.06
1175 39.92
1176 39.81
1177 39.64
1178 39.53
1179 39.36
1180 39.22
1181 39.08
1182 38.91
1183 38.77
1184 38.58
1185 38.41
1186 38.2
1187 38.05
1188 37.89
1189 37.67
1190 37.5
1191 37.28
1192 37.11
1193 36.92
1194 36.66
1195 36.47
1196 36.27
1197 36.05
1198 35.81
1199 35.61
1200 35.38
1201 35.16
1202 34.92
1203 34.66
1204 34.44
1205 34.22
1206 33.94
1207 33.7
1208 33.48
1209 33.22
1210 32.95
1211 32.69
1212 32.44
1213 32.17
1214 31.89
1215 31.66
1216 31.39
1217 31.08
1218 30.84
1219 30.56
1220 30.3
1221 29.98
1222 29.7
1223 29.44
1224 29.14
1225 28.87
1226 28.58
1227 28.3
1228 28.0
1229 27.7
1230 27.41
1231 27.09
1232 26.81
1233 26.53
1234 26.23
1235 25.94
1236 25.59
1237 25.31
1238 25.03
1239 24.7
1240 24.42
1241 24.11
1242 23.77
1243 23.47
1244 23.19
1245 22.87
1246 22.56
1247 22.27
1248 21.92
1249 21.64
1250 21.33
1251 21.0
1252 20.7
1253 20.37
1254 20.09
1255 19.73
1256 19.44
1257 19.14
1258 18.83
1259 18.52
1260 18.2
1261 17.91
1262 17.59
1263 17.28
1264 16.94
1265 16.64
1266 16.34
1267 16.03
1268 15.72
1269 15.42
1270 15.11
1271 14.78
1272 14.52
1273 14.17
1274 13.86
1275 13.56
1276 13.25
1277 12.97
1278 12.64
1279 12.34
1280 12.06
1281 11.75
1282 11.47
1283 11.19
1284 10.88
1285 10.58
1286 10.28
1287 9.95
1288 9.69
1289 9.39
1290 9.09
1291 8.81
1292 8.53
1293 8.25
1294 7.97
1295 7.69
1296 7.41
1297 7.13
1298 6.84
1299 6.59
1300 6.29
1301 6.02
1302 5.75
1303 5.47
1304 5.21
1305 4.95
1306 4.67
1307 4.42
1308 4.16
1309 3.9
1310 3.65
1311 3.38
1312 3.13
1313 2.88
1314 2.62
1315 2.38
1316 2.12
1317 1.89
1318 1.65
1319 1.41
1320 1.16
1321 0.94
1322 0.7
1323 0.46
1324 0.24
1325 0.01
1326 -0.22
1327 -0.46
1328 -0.67
1329 -0.89
1330 -1.12
1331 -1.34
1332 -1.55
1333 -1.76
1334 -1.96
1335 -2.17
1336 -2.37
1337 -2.58
1338 -2.77
1339 -2.96
1340 -3.17
1341 -3.36
1342 -3.55
1343 -3.73
1344 -3.92
1345 -4.11
1346 -4.28
1347 -4.46
1348 -4.64
1349 -4.82
1350 -4.99
1351 -5.16
1352 -5.33
1353 -5.5
1354 -5.66
1355 -5.82
1356 -5.97
1357 -6.13
1358 -6.29
1359 -6.43
1360 -6.58
1361 -6.73
1362 -6.87
1363 -7.01
1364 -7.16
1365 -7.29
1366 -7.43
1367 -7.56
1368 -7.69
1369 -7.81
1370 -7.94
1371 -8.06
1372 -8.18
1373 -8.3
1374 -8.42
1375 -8.53
1376 -8.64
1377 -8.75
1378 -8.85
1379 -8.96
1380 -9.06
1381 -9.16
1382 -9.26
1383 -9.35
1384 -9.44
1385 -9.53
1386 -9.62
1387 -9.71
1388 -9.79
1389 -9.87
1390 -9.95
1391 -10.03
1392 -10.1
1393 -10.17
1394 -10.24
1395 -10.31
1396 -10.38
1397 -10.44
1398 -10.5
1399 -10.56
1400 -10.62
1401 -10.67
1402 -10.73
1403 -10.78
1404 -10.82
1405 -10.87
1406 -10.92
1407 -10.96
1408 -11.0
1409 -11.04
1410 -11.07
1411 -11.06
1412 -11.01
1413 -10.96
1414 -10.95
1415 -11.01
1416 -11.13
1417 -11.25
1418 -11.35
1419 -11.39
1420 -11.41
1421 -11.4
1422 -11.39
1423 -11.38
1424 -11.38
1425 -11.39
1426 -11.41
1427 -11.42
1428 -11.42
1429 -11.43
1430 -11.43
1431 -11.41
1432 -11.41
1433 -11.4
1434 -11.4
1435 -11.39
1436 -11.38
1437 -11.36
1438 -11.35
1439 -11.33
1440 -11.3
1441 -11.29
1442 -11.26
1443 -11.24
1444 -11.22
1445 -11.2
1446 -11.17
1447 -11.14
1448 -11.11
1449 -11.08
1450 -11.05
1451 -11.02
1452 -10.98
1453 -10.95
1454 -10.91
1455 -10.86
1456 -10.82
1457 -10.78
1458 -10.73
1459 -10.69
1460 -10.64
1461 -10.59
1462 -10.55
1463 -10.5
1464 -10.45
1465 -10.4
1466 -10.35
1467 -10.3
1468 -10.24
1469 -10.19
1470 -10.13
1471 -10.07
1472 -10.01
1473 -9.95
1474 -9.89
1475 -9.82
1476 -9.76
1477 -9.7
1478 -9.64
1479 -9.57
1480 -9.51
1481 -9.44
1482 -9.37
1483 -9.31
1484 -9.24
1485 -9.16
1486 -9.1
1487 -9.02
1488 -8.95
1489 -8.88
1490 -8.8
1491 -8.74
1492 -8.65
1493 -8.58
1494 -8.5
1495 -8.43
1496 -8.35
1497 -8.27
1498 -8.19
1499 -8.11
1500 -8.04
1501 -7.96
1502 -7.88
1503 -7.8
1504 -7.71
1505 -7.64
1506 -7.55
1507 -7.46
1508 -7.39
1509 -7.3
1510 -7.21
1511 -7.14
1512 -7.05
1513 -6.97
1514 -6.88
1515 -6.79
1516 -6.71
1517 -6.62
1518 -6.53
1519 -6.45
1520 -6.37
1521 -6.28
1522 -6.2
1523 -6.11
1524 -6.02
1525 -5.93
1526 -5.84
1527 -5.76
1528 -5.67
1529 -5.59
1530 -5.5
1531 -5.41
1532 -5.33
1533 -5.23
1534 -5.15
1535 -5.07
1536 -4.98
1537 -4.89
1538 -4.8
1539 -4.71
1540 -4.63
1541 -4.54
1542 -4.45
1543 -4.37
1544 -4.29
1545 -4.19
1546 -4.1
1547 -4.02
1548 -3.93
1549 -3.84
1550 -3.76
1551 -3.68
1552 -3.59
1553 -3.5
1554 -3.43
1555 -3.34
1556 -3.26
1557 -3.17
1558 -3.09
1559 -3.0
1560 -2.92
1561 -2.84
1562 -2.76
1563 -2.68
1564 -2.6
1565 -2.52
1566 -2.43
1567 -2.35
1568 -2.27
1569 -2.2
1570 -2.11
1571 -2.04
