0 8.51
1 -22.48
2 -4.07
3 6.42
4 -12.18
5 -26.61
6 -17.91
7 -17.78
8 -43.65
9 -54.28
10 -3.55
11 0
12 171.04
13 136.22
14 87.46
15 57.37
16 28.55
17 -8.51
18 -22.48
19 -4.07
20 6.42
21 -12.18
22 -26.61
23 -17.91
24 -17.78
25 -43.65
26 -54.28
27 -3.55
28 0
29 52.87
30 170.45
31 339.74
32 483.96
33 554.92
34 571.62
35 557.12
36 501.89
37 417.45
38 358.33
39 349.37
40 350.17
41 329.37
42 318.99
43 359.68
44 427.14
45 452.02
46 410.5
47 349.31
48 305.97
49 264.82
50 216.88
51 192.97
52 202.36
53 203.55
54 173.99
55 146.74
56 142.78
57 127.08
58 68.45
59 2.72
60 -3.66
61 56.69
62 121.12
63 145.86
64 149.36
65 148.63
66 122.5
67 68.95
68 31.56
69 30.62
70 29.87
71 5.84
72 -12.69
73 -8.0
74 -16.72
75 -72.19
76 -140.75
77 -152.97
78 -95.28
79 -26.78
80 7.44
81 22.69
82 32.94
83 14.56
84 -37.0
85 -79.81
86 -92.75
87 -106.31
88 -135.84
89 -138.78
90 -75.22
91 21.59
92 72.72
93 48.22
94 -5.38
95 -48.0
96 -89.84
97 -135.63
98 -153.0
99 -134.06
100 -121.62
101 -139.94
102 -157.38
103 -154.81
104 -161.69
105 -193.13
106 -203.88
107 -150.31
108 -60.56
109 -11.75
110 -33.56
111 -82.62
112 -121.37
113 -160.88
114 -205.19
115 -220.94
116 -200.13
117 -185.81
118 -202.0
119 -215.75
120 -208.19
121 -214.0
122 -266.06
123 -329.13
124 -335.06
125 -272.31
126 -199.69
127 -160.06
128 -138.06
129 -120.25
130 -131.44
131 -173.94
132 -204.69
133 -201.63
134 -199.06
135 -218.25
136 -226.81
137 -206.31
138 -197.38
139 -238.75
140 -300.25
141 -311.69
142 -253.94
143 -183.69
144 -143.13
145 -119.37
146 -100.81
147 -112.81
148 -158.5
149 -194.06
150 -194.63
151 -192.56
152 -208.13
153 -207.13
154 -153.38
155 -73.25
156 -33.38
157 -55.0
158 -93.62
159 -115.75
160 -138.88
161 -173.31
162 -190.63
163 -181.63
164 -181.44
165 -203.75
166 -211.56
167 -187.0
168 -172.75
169 -203.81
170 -247.0
171 -239.63
172 -176.81
173 -116.5
174 -95.06
175 -87.87
176 -77.12
177 -87.06
178 -123.69
179 -147.5
180 -138.94
181 -135.13
182 -156.19
183 -162.88
184 -113.06
185 -32.06
186 11.5
187 -7.31
188 -44.88
189 -67.87
190 -92.75
191 -126.75
192 -137.88
193 -118.31
194 -106.19
195 -121.06
196 -128.69
197 -112.37
198 -106.75
199 -129.5
200 -141.75
201 -97.94
202 -20.87
203 21.12
204 2.44
205 -32.69
206 -52.5
207 -76.25
208 -108.87
209 -120.31
210 -97.84
211 -79.06
212 -86.16
213 -89.19
214 -73.44
215 -72.31
216 -103.16
217 -118.75
218 -71.41
219 14.75
220 65.09
221 50.31
222 8.84
223 -26.5
224 -64.53
225 -103.72
226 -108.97
227 -77.19
228 -52.19
229 -57.41
230 -65.03
231 -54.38
232 -60.56
233 -115.94
234 -184.25
235 -195.41
236 -134.97
237 -60.53
238 -17.28
239 10.31
240 33.16
241 29.55
242 -6.55
243 -35.78
244 -39.03
245 -45.2
246 -69.58
247 -69.25
248 -5.14
249 91.89
250 146.77
251 131.13
252 84.86
253 43.73
254 -0.77
255 -44.59
256 -53.78
257 -20.37
258 10.0
259 9.32
260 3.91
261 11.04
262 2.85
263 -31.26
264 -44.3
265 8.03
266 97.88
267 149.9
268 134.42
269 93.81
270 65.31
271 34.81
272 -2.91
273 -15.8
274 5.68
275 20.47
276 7.13
277 -2.11
278 10.51
279 10.49
280 -30.02
281 -71.42
282 -54.41
283 19.44
284 84.64
285 103.19
286 101.08
287 101.22
288 83.33
289 43.34
290 17.52
291 21.84
292 24.19
293 7.98
294 5.92
295 31.14
296 41.13
297 -3.28
298 -68.02
299 -80.59
300 -23.59
301 50.41
302 96.97
303 127.34
304 149.66
305 140.5
306 98.94
307 68.69
308 69.22
309 67.53
310 43.56
311 34.78
312 82.09
313 158.5
314 197.44
315 176.19
316 139.63
317 123.12
318 110.0
319 88.47
320 82.41
321 97.87
322 98.12
323 69.91
324 49.97
325 56.66
326 57.56
327 33.94
328 28.5
329 85.87
330 176.25
331 224.5
332 201.97
333 152.44
334 116.28
335 81.69
336 42.97
337 32.75
338 58.69
339 76.31
340 64.12
341 49.75
342 51.19
343 40.94
344 7.94
345 0.81
346 64.0
347 165.31
348 224.13
349 207.94
350 159.63
351 116.0
352 71.69
353 25.56
354 14.13
355 45.13
356 70.75
357 64.06
358 54.81
359 64.44
360 58.63
361 4.0
362 -63.06
363 -71.5
364 -8.38
365 67.37
366 110.75
367 135.88
368 156.88
369 147.56
370 104.12
371 70.06
372 65.75
373 61.06
374 39.0
375 39.69
376 103.19
377 198.63
378 249.31
379 227.69
380 174.88
381 127.5
382 78.44
383 28.87
384 11.81
385 40.06
386 76.06
387 93.75
388 109.06
389 126.06
390 114.81
391 69.87
392 40.69
393 75.37
394 147.0
395 185.63
396 169.13
397 137.88
398 117.44
399 91.81
400 53.19
401 34.31
402 44.81
403 49.06
404 28.56
405 17.62
406 33.31
407 40.69
408 18.81
409 10.25
410 59.81
411 147.13
412 203.13
413 199.06
414 168.5
415 141.88
416 103.25
417 50.31
418 20.94
419 30.56
420 40.13
421 22.44
422 9.75
423 28.25
424 54.38
425 45.38
426 10.63
427 1.63
428 35.25
429 70.75
430 80.12
431 87.19
432 104.56
433 103.94
434 73.0
435 49.69
436 58.75
437 74.31
438 74.87
439 88.5
440 139.94
441 201.44
442 208.31
443 149.81
444 80.56
445 40.19
446 12.06
447 -15.69
448 -18.75
449 9.81
450 27.62
451 14.88
452 1.12
453 7.5
454 3.0
455 -25.44
456 -35.31
457 13.69
458 94.87
459 135.69
460 111.75
461 68.87
462 45.81
463 28.44
464 4.81
465 -7.47
466 -7.31
467 -23.97
468 -66.62
469 -109.19
470 -145.88
471 -190.19
472 -221.56
473 -184.88
474 -55.69
475 105.03
476 198.25
477 189.63
478 130.56
479 69.22
480 8.44
481 -46.0
482 -56.94
483 -18.78
484 19.47
485 24.41
486 20.09
487 26.25
488 14.41
489 -38.38
490 -92.91
491 -91.91
492 -36.94
493 13.81
494 28.84
495 34.25
496 49.78
497 49.97
498 22.91
499 6.03
500 16.41
501 19.62
502 -3.94
503 -22.34
504 -15.75
505 -18.94
506 -65.91
507 -126.16
508 -135.16
509 -80.22
510 -17.78
511 14.56
512 34.84
513 54.47
514 48.41
515 9.34
516 -18.03
517 -15.19
518 -14.41
519 -34.63
520 -36.84
521 20.62
522 108.62
523 154.31
524 131.06
525 83.0
526 47.33
527 13.25
528 -25.53
529 -36.45
530 -11.75
531 5.72
532 -7.48
533 -21.05
534 -16.48
535 -23.23
536 -54.64
537 -64.25
538 -11.06
539 77.45
540 127.12
541 109.56
542 66.41
543 32.38
544 -3.33
545 -44.98
546 -68.98
547 -72.03
548 -83.0
549 -106.11
550 -102.28
551 -61.17
552 -33.48
553 -60.98
554 -112.78
555 -119.31
556 -62.27
557 4.52
558 40.96
559 58.55
560 70.47
561 56.01
562 12.43
563 -20.5
564 -24.87
565 -31.22
566 -54.24
567 -62.79
568 -44.02
569 -38.39
570 -81.81
571 -141.84
572 -149.27
573 -89.89
574 -19.03
575 19.45
576 38.8
577 50.49
578 32.56
579 -16.46
580 -53.04
581 -54.52
582 -53.98
583 -69.43
584 -61.49
585 5.64
586 100.66
587 150.55
588 127.96
589 78.8
590 44.58
591 16.42
592 -12.99
593 -19.88
594 -2.2
595 0.07
596 -29.69
597 -55.91
598 -58.89
599 -67.34
600 -94.94
601 -97.03
602 -31.59
603 70.26
604 128.92
605 113.53
606 66.0
607 24.66
608 -18.57
609 -62.89
610 -75.55
611 -49.59
612 -28.35
613 -40.06
614 -62.4
615 -79.52
616 -115.23
617 -183.1
618 -239.57
619 -220.98
620 -127.79
621 -29.17
622 23.8
623 45.53
624 51.55
625 26.27
626 -26.04
627 -60.36
628 -56.12
629 -47.15
630 -57.52
631 -58.27
632 -37.76
633 -34.68
634 -85.63
635 -154.09
636 -167.91
637 -107.09
638 -28.28
639 22.8
640 53.66
641 73.97
642 61.34
643 15.82
644 -21.29
645 -30.05
646 -39.98
647 -65.31
648 -65.16
649 -0.25
650 99.07
651 157.98
652 145.56
653 100.99
654 60.57
655 12.49
656 -42.38
657 -67.27
658 -50.66
659 -33.69
660 -43.59
661 -55.19
662 -52.17
663 -66.14
664 -116.52
665 -159.36
666 -134.84
667 -47.5
668 34.3
669 67.61
670 69.83
671 61.03
672 25.81
673 -29.61
674 -64.75
675 -62.58
676 -56.17
677 -63.28
678 -57.34
679 -28.95
680 -19.05
681 -63.5
682 -128.52
683 -144.19
684 -97.45
685 -37.59
686 -2.56
687 14.92
688 19.48
689 -9.23
690 -60.95
691 -86.42
692 -68.67
693 -49.56
694 -53.61
695 -46.64
696 12.28
697 98.94
698 141.78
699 116.7
700 65.81
701 27.41
702 -12.66
703 -56.34
704 -71.89
705 -51.77
706 -38.34
707 -52.25
708 -62.3
709 -51.0
710 -50.28
711 -76.31
712 -85.86
713 -35.03
714 50.31
715 97.12
716 79.73
717 41.27
718 17.89
719 -5.03
720 -34.27
721 -40.95
722 -16.58
723 -1.42
724 -19.91
725 -44.95
726 -59.55
727 -83.45
728 -124.41
729 -138.47
730 -83.37
731 15.22
732 84.66
733 89.73
734 61.45
735 32.67
736 -5.06
737 -46.73
738 -58.0
739 -30.87
740 -12.3
741 -26.87
742 -45.8
743 -45.3
744 -57.3
745 -112.19
746 -174.53
747 -177.06
748 -110.28
749 -35.08
750 5.17
751 26.8
752 42.0
753 28.8
754 -14.28
755 -43.77
756 -38.92
757 -34.86
758 -52.38
759 -60.42
760 -38.67
761 -25.34
762 -60.41
763 -118.62
764 -130.78
765 -79.83
766 -18.33
767 13.88
768 31.52
769 45.25
770 31.85
771 -11.68
772 -37.81
773 -25.19
774 -10.2
775 -16.82
776 -14.63
777 30.53
778 89.77
779 103.97
780 68.52
781 33.87
782 28.29
783 23.02
784 0.77
785 -10.52
786 -1.2
787 -4.21
788 -30.95
789 -44.69
790 -28.04
791 -17.05
792 -34.15
793 -39.09
794 12.77
795 95.66
796 139.02
797 116.48
798 72.85
799 44.88
800 16.66
801 -20.07
802 -33.71
803 -15.47
804 -4.89
805 -22.65
806 -35.76
807 -25.48
808 -27.54
809 -73.08
810 -125.2
811 -121.82
812 -56.95
813 10.59
814 43.0
815 59.61
816 76.82
817 69.1
818 30.2
819 -0.11
820 -0.89
821 -4.92
822 -28.9
823 -36.16
824 5.9
825 66.32
826 84.44
827 52.88
828 22.59
829 22.83
830 25.57
831 12.77
832 10.34
833 27.93
834 30.61
835 3.75
836 -14.86
837 -7.54
838 -5.04
839 -28.57
840 -36.88
841 14.4
842 97.95
843 143.73
844 124.57
845 84.06
846 56.17
847 27.77
848 -7.13
849 -18.71
850 -0.43
851 7.44
852 -14.77
853 -33.53
854 -31.1
855 -42.7
856 -95.68
857 -154.67
858 -149.59
859 -75.04
860 7.85
861 52.48
862 74.19
863 88.44
864 73.8
865 28.78
866 -1.83
867 2.58
868 6.96
869 -11.46
870 -16.7
871 27.61
872 92.5
873 116.04
874 83.85
875 46.94
876 35.36
877 26.88
878 7.22
879 1.74
880 20.06
881 25.21
882 1.57
883 -15.87
884 -9.39
885 -9.97
886 -33.8
887 -37.9
888 21.04
889 112.95
890 161.24
891 139.07
892 89.58
893 52.53
894 16.56
895 -24.09
896 -35.36
897 -9.52
898 8.59
899 -4.23
900 -16.17
901 -8.26
902 -14.91
903 -69.51
904 -134.34
905 -140.56
906 -76.7
907 -2.16
908 39.19
909 60.92
910 78.18
911 66.02
912 21.97
913 -9.18
914 -6.8
915 -3.94
916 -21.61
917 -21.11
918 36.89
919 123.1
920 164.76
921 137.01
922 85.75
923 47.68
924 11.47
925 -27.18
926 -35.71
927 -8.41
928 11.89
929 1.26
930 -10.28
931 -2.46
932 -6.22
933 -36.94
934 -49.62
935 1.32
936 88.3
937 136.47
938 116.93
939 69.79
940 29.08
941 -15.01
942 -59.7
943 -69.47
944 -37.4
945 -10.86
946 -16.05
947 -15.46
948 29.89
949 94.82
950 117.89
951 84.98
952 42.36
953 21.37
954 0.82
955 -28.79
956 -34.87
957 -11.15
958 2.61
959 -12.51
960 -25.74
961 -18.09
962 -20.76
963 -48.15
964 -57.28
965 -5.08
966 78.91
967 121.86
968 98.65
969 52.64
970 21.29
971 -10.28
972 -46.3
973 -57.99
974 -37.56
975 -25.07
976 -39.44
977 -49.66
978 -36.79
979 -33.78
980 -56.54
981 -71.09
982 -59.49
983 -56.24
984 -87.51
985 -112.48
986 -77.95
987 2.02
988 58.26
989 55.97
990 30.7
991 11.91
992 -14.72
993 -55.09
994 -79.85
995 -78.36
996 -79.12
997 -94.62
998 -91.71
999 -57.06
1000 -38.98
1001 -77.8
1002 -142.5
1003 -158.09
1004 -105.77
1005 -38.15
1006 0.85
1007 24.49
1008 41.92
1009 30.68
1010 -9.71
1011 -34.24
1012 -22.53
1013 -9.42
1014 -17.69
1015 -14.38
1016 31.66
1017 94.27
1018 114.79
1019 83.11
1020 47.96
1021 39.12
1022 33.11
1023 14.14
1024 7.35
1025 21.37
1026 20.0
1027 -9.86
1028 -29.18
1029 -16.09
1030 -12.6
1031 -55.9
1032 -117.04
1033 -133.61
1034 -91.01
1035 -37.53
1036 -5.03
1037 25.17
1038 59.09
1039 66.94
1040 37.72
1041 12.99
1042 15.5
1043 13.98
1044 -7.77
1045 -16.34
1046 5.68
1047 17.26
1048 -22.03
1049 -83.2
1050 -97.56
1051 -44.27
1052 26.29
1053 70.2
1054 95.96
1055 111.21
1056 96.05
1057 51.78
1058 20.89
1059 22.04
1060 20.92
1061 0.05
1062 -11.12
1063 2.31
1064 0.37
1065 -47.05
1066 -105.54
1067 -109.71
1068 -54.59
1069 2.53
1070 27.14
1071 41.26
1072 59.5
1073 55.07
1074 21.92
1075 -0.44
1076 9.92
1077 19.67
1078 7.83
1079 0.6
1080 13.19
1081 9.91
1082 -38.34
1083 -97.65
1084 -101.15
1085 -37.36
1086 36.61
1087 74.4
1088 91.59
1089 100.35
1090 82.52
1091 33.83
1092 -1.91
1093 -5.33
1094 -5.21
1095 -19.34
1096 -13.6
1097 44.1
1098 124.27
1099 157.92
1100 126.01
1101 78.87
1102 52.64
1103 29.63
1104 0.09
1105 -9.17
1106 12.38
1107 23.5
1108 5.52
1109 -8.31
1110 0.99
1111 1.21
1112 -23.31
1113 -32.38
1114 18.39
1115 102.47
1116 150.25
1117 134.31
1118 96.52
1119 72.79
1120 46.52
1121 11.73
1122 -2.23
1123 13.17
1124 20.94
1125 1.64
1126 -12.49
1127 -3.25
1128 -5.83
1129 -55.89
1130 -123.98
1131 -149.19
1132 -115.89
1133 -67.38
1134 -33.8
1135 0.98
1136 40.94
1137 53.27
1138 28.5
1139 5.18
1140 3.84
1141 -4.5
1142 -33.5
1143 -43.25
1144 -0.38
1145 64.82
1146 91.44
1147 65.04
1148 31.87
1149 21.5
1150 10.73
1151 -11.45
1152 -12.93
1153 14.87
1154 35.65
1155 27.98
1156 22.89
1157 36.59
1158 35.16
1159 0.98
1160 -20.12
1161 20.95
1162 99.66
1163 144.13
1164 123.42
1165 79.63
1166 48.23
1167 14.87
1168 -25.46
1169 -38.89
1170 -14.71
1171 5.0
1172 -4.46
1173 -14.34
1174 -6.13
1175 -16.5
1176 -74.0
1177 -139.73
1178 -144.09
1179 -73.88
1180 9.94
1181 60.26
1182 86.59
1183 99.43
1184 79.64
1185 29.01
1186 -8.41
1187 -11.98
1188 -14.28
1189 -35.54
1190 -45.36
1191 -28.84
1192 -25.7
1193 -72.35
1194 -135.81
1195 -147.41
1196 -89.64
1197 -16.38
1198 29.21
1199 53.13
1200 62.33
1201 38.93
1202 -9.52
1203 -35.76
1204 -22.77
1205 -10.89
1206 -25.61
1207 -30.45
1208 10.77
1209 71.1
1210 88.62
1211 53.47
1212 16.88
1213 8.63
1214 2.7
1215 -15.18
1216 -17.4
1217 4.16
1218 13.03
1219 -8.69
1220 -25.71
1221 -18.33
1222 -17.75
1223 -42.68
1224 -48.38
1225 7.99
1226 98.34
1227 147.1
1228 124.39
1229 73.37
1230 33.8
1231 -5.66
1232 -47.75
1233 -60.21
1234 -38.54
1235 -23.07
1236 -34.48
1237 -42.79
1238 -30.76
1239 -32.33
1240 -71.39
1241 -105.58
1242 -78.94
1243 0.21
1244 66.15
1245 80.47
1246 66.9
1247 48.44
1248 12.64
1249 -36.83
1250 -58.34
1251 -39.4
1252 -21.87
1253 -30.51
1254 -38.8
1255 -29.27
1256 -34.82
1257 -86.31
1258 -148.57
1259 -153.99
1260 -90.84
1261 -17.75
1262 21.93
1263 42.98
1264 56.84
1265 41.57
1266 -0.82
1267 -27.07
1268 -17.08
1269 -5.93
1270 -19.13
1271 -18.46
1272 34.72
1273 114.15
1274 152.08
1275 126.9
1276 83.18
1277 55.34
1278 28.76
1279 -4.84
1280 -16.38
1281 0.93
1282 9.08
1283 -10.58
1284 -24.57
1285 -15.68
1286 -14.61
1287 -38.56
1288 -43.02
1289 14.8
1290 107.35
1291 158.29
1292 137.49
1293 87.11
1294 43.92
1295 -0.63
1296 -46.02
1297 -60.49
1298 -38.57
1299 -23.09
1300 -34.75
1301 -43.55
1302 -32.01
1303 -35.57
1304 -82.34
1305 -135.68
1306 -131.26
1307 -62.11
1308 11.43
1309 45.78
1310 57.32
1311 64.99
1312 49.59
1313 8.8
1314 -18.35
1315 -15.5
1316 -16.43
1317 -36.84
1318 -44.57
1319 -20.46
1320 -1.83
1321 -29.36
1322 -82.14
1323 -97.42
1324 -57.55
1325 -9.78
1326 14.05
1327 31.16
1328 53.12
1329 51.35
1330 16.36
1331 -11.82
1332 -14.75
1333 -22.64
1334 -49.71
1335 -53.03
1336 5.45
1337 96.38
1338 142.98
1339 116.87
1340 64.75
1341 26.83
1342 -7.0
1343 -43.26
1344 -52.93
1345 -32.01
1346 -20.03
1347 -34.9
