0 7.52
1 53.61
2 181.97
3 400.67
4 658.61
5 878.83
6 1005.97
7 1028.74
8 973.8
9 884.37
10 798.72
11 738.01
12 705.08
13 690.7
14 682.1
15 669.46
16 648.7
17 620.77
18 589.27
19 550.59
20 475.98
21 322.3
22 80.73
23 -198.94
24 -440.83
25 -590.0
26 -635.13
27 -602.52
28 -535.06
29 -470.78
30 -430.77
31 -417.83
32 -423.13
33 -433.78
34 -440.13
35 -438.03
36 -428.38
37 -414.88
38 -401.22
39 -389.75
40 -381.19
41 -374.72
42 -369.0
43 -363.03
44 -356.41
45 -349.06
46 -341.34
47 -333.47
48 -326.06
49 -318.94
50 -312.16
51 -305.47
52 -298.84
53 -292.31
54 -285.63
55 -279.09
56 -272.5
57 -266.16
58 -259.78
59 -253.59
60 -247.47
61 -241.34
62 -235.5
63 -229.44
64 -223.63
65 -217.84
66 -212.16
67 -206.47
68 -200.94
69 -195.31
70 -189.97
71 -184.66
72 -179.31
73 -174.06
74 -169.0
75 -163.94
76 -158.88
77 -153.81
78 -149.0
79 -144.25
80 -139.44
81 -134.78
82 -130.16
83 -125.62
84 -121.16
85 -116.72
86 -112.37
87 -108.06
88 -103.81
89 -99.69
90 -95.56
91 -91.53
92 -87.5
93 -83.62
94 -79.73
95 -75.95
96 -72.14
97 -68.47
98 -64.8
99 -61.31
100 -57.7
101 -54.33
102 -43.38
103 6.03
104 137.7
105 359.64
106 620.89
107 844.25
108 974.59
109 1000.34
110 948.2
111 861.5
112 778.56
113 720.41
114 690.28
115 678.73
116 673.03
117 663.23
118 645.14
119 619.86
120 590.84
121 561.95
122 535.78
123 512.64
124 492.14
125 472.64
126 453.38
127 433.56
128 413.33
129 392.98
130 372.91
131 353.38
132 334.56
133 316.38
134 298.53
135 281.13
136 263.88
137 247.09
138 230.44
139 214.19
140 198.16
141 182.59
142 167.31
143 152.28
144 137.84
145 123.53
146 109.62
147 96.16
148 82.69
149 62.19
150 3.16
151 -137.59
152 -368.63
153 -638.38
154 -870.38
155 -1008.69
156 -1042.44
157 -997.94
158 -919.06
159 -843.69
160 -792.69
161 -769.5
162 -764.44
163 -764.94
164 -761.25
165 -749.25
166 -729.75
167 -706.38
168 -683.13
169 -662.38
170 -644.44
171 -628.81
172 -614.25
173 -599.38
174 -584.13
175 -568.25
176 -551.81
177 -535.75
178 -519.94
179 -497.13
180 -436.44
181 -293.63
182 -60.69
183 211.13
184 445.44
185 586.69
186 623.38
187 582.31
188 506.06
189 433.19
190 385.38
191 365.0
192 363.44
193 367.0
194 366.56
195 357.81
196 342.06
197 322.13
198 302.25
199 284.94
200 270.69
201 258.63
202 247.75
203 236.69
204 224.94
205 213.06
206 200.56
207 188.63
208 176.75
209 157.88
210 101.12
211 -38.06
212 -267.31
213 -534.31
214 -764.75
215 -901.81
216 -934.31
217 -888.38
218 -807.69
219 -730.88
220 -678.88
221 -654.13
222 -647.69
223 -647.31
224 -642.0
225 -629.13
226 -608.5
227 -583.94
228 -559.81
229 -538.28
230 -519.13
231 -502.88
232 -487.34
233 -472.0
234 -455.41
235 -438.63
236 -422.0
237 -405.38
238 -388.91
239 -373.28
240 -357.94
241 -343.47
242 -328.56
243 -306.25
244 -245.84
245 -103.19
246 129.38
247 401.08
248 635.02
249 775.67
250 811.22
251 769.28
252 691.88
253 619.09
254 569.86
255 549.02
256 546.75
257 549.94
258 548.5
259 538.76
260 522.0
261 500.59
262 480.03
263 462.1
264 446.77
265 433.75
266 421.77
267 409.61
268 397.48
269 383.92
270 369.91
271 356.98
272 344.11
273 331.81
274 319.57
275 308.64
276 296.77
277 285.71
278 274.7
279 263.51
280 253.13
281 242.31
282 232.04
283 222.09
284 211.95
285 202.36
286 193.07
287 183.61
288 174.69
289 165.82
290 157.02
291 148.78
292 140.58
293 132.44
294 124.11
295 116.57
296 108.59
297 101.17
298 94.31
299 86.73
300 79.96
301 73.0
302 66.84
303 60.23
304 53.65
305 47.63
306 41.67
307 35.51
308 29.9
309 24.33
310 19.04
311 13.81
312 8.88
313 3.74
314 -1.34
315 -6.14
316 -10.39
317 -14.84
318 -19.52
319 -23.66
320 -27.97
321 -31.52
322 -42.75
323 -93.14
324 -224.56
325 -446.75
326 -708.31
327 -931.67
328 -1062.31
329 -1088.13
330 -1035.8
331 -949.77
332 -859.14
333 -754.2
334 -595.59
335 -365.13
336 -100.44
337 129.58
338 275.25
339 324.05
340 298.59
341 237.82
342 179.57
343 142.58
344 131.4
345 137.05
346 148.63
347 156.34
348 156.7
349 149.77
350 139.39
351 128.84
352 119.87
353 113.71
354 109.33
355 106.48
356 103.14
357 98.81
358 87.01
359 36.05
360 -97.44
361 -320.71
362 -582.63
363 -807.07
364 -937.85
365 -964.79
366 -913.33
367 -827.46
368 -745.5
369 -687.92
370 -658.51
371 -647.77
372 -635.04
373 -586.82
374 -479.2
375 -318.25
376 -121.96
377 87.54
378 277.88
379 417.18
380 486.91
381 494.91
382 462.79
383 417.34
384 379.8
385 357.27
386 350.13
387 351.02
388 353.33
389 352.34
390 345.8
391 334.77
392 315.5
393 258.66
394 121.02
395 -105.37
396 -369.67
397 -596.52
398 -729.95
399 -759.56
400 -712.03
401 -630.03
402 -551.25
403 -497.59
404 -470.84
405 -462.75
406 -461.16
407 -454.28
408 -439.88
409 -417.56
410 -392.38
411 -367.31
412 -344.53
413 -324.84
414 -307.0
415 -291.06
416 -274.72
417 -257.78
418 -240.69
419 -223.06
420 -206.25
421 -189.56
422 -173.75
423 -158.13
424 -143.25
425 -128.44
426 -113.87
427 -99.25
428 -85.62
429 -71.62
430 -58.38
431 -45.31
432 -32.56
433 -19.94
434 -7.5
435 4.38
436 16.44
437 27.81
438 38.81
439 50.06
440 60.31
441 70.87
442 81.5
443 91.06
444 100.94
445 110.19
446 119.69
447 128.56
448 137.0
449 145.25
450 153.5
451 161.38
452 169.75
453 177.13
454 184.25
455 191.63
456 198.25
457 205.13
458 211.5
459 217.75
460 223.5
461 229.63
462 234.88
463 240.5
464 246.0
465 250.88
466 255.63
467 260.38
468 265.38
469 269.25
470 273.63
471 277.75
472 281.5
473 285.13
474 288.5
475 291.5
476 295.0
477 298.0
478 300.25
479 303.0
480 306.0
481 308.25
482 310.25
483 312.38
484 314.25
485 315.88
486 317.5
487 319.0
488 320.5
489 321.5
490 322.88
491 324.0
492 324.25
493 325.63
494 325.63
495 326.25
496 326.75
497 327.0
498 327.0
499 327.0
500 326.88
501 326.38
502 326.38
503 326.0
504 325.38
505 325.0
506 324.13
507 323.38
508 322.25
509 321.13
510 320.13
511 318.88
512 317.75
513 316.38
514 315.0
515 313.5
516 312.0
517 310.0
518 308.63
519 306.5
520 304.75
521 302.75
522 300.75
523 298.63
524 296.13
525 293.88
526 291.63
527 289.38
528 287.13
529 284.38
530 282.0
531 279.38
532 277.0
533 274.25
534 271.38
535 268.75
536 265.88
537 263.13
538 260.13
539 257.0
540 254.25
541 251.0
542 248.0
543 244.63
544 241.63
545 238.63
546 235.25
547 232.13
548 228.63
549 225.38
550 222.13
551 218.63
552 215.38
553 212.0
554 208.5
555 204.88
556 201.5
557 197.88
558 194.5
559 190.88
560 187.75
561 183.88
562 180.38
563 176.88
564 173.38
565 169.63
566 166.0
567 162.38
568 158.63
569 155.0
570 151.38
571 147.88
572 144.0
573 140.5
574 136.63
575 133.25
576 129.5
577 125.62
578 122.12
579 118.5
580 114.5
581 111.12
582 107.37
583 104.06
584 100.19
585 96.5
586 93.12
587 89.44
588 85.75
589 82.06
590 78.5
591 75.25
592 71.56
593 67.87
594 64.69
595 60.94
596 57.5
597 54.06
598 50.5
599 47.19
600 43.81
601 40.38
602 36.94
603 33.56
604 30.12
605 26.81
606 23.44
607 20.19
608 17.06
609 13.81
610 10.5
611 7.31
612 4.19
613 1.06
614 -2.13
615 -5.22
616 -8.31
617 -11.28
618 -14.28
619 -17.34
620 -20.31
621 -23.28
622 -26.16
623 -21.59
624 15.25
625 100.16
626 199.84
627 256.5
628 264.02
629 275.14
630 317.86
631 347.64
632 304.38
633 179.11
634 15.22
635 -130.12
636 -218.48
637 -243.62
638 -223.0
639 -184.15
640 -150.39
641 -133.41
642 -133.75
643 -144.44
644 -156.52
645 -156.4
646 -127.69
647 -69.91
648 -13.14
649 4.78
650 -27.78
651 -93.14
652 -161.7
653 -210.14
654 -229.38
655 -224.75
656 -207.75
657 -190.47
658 -179.84
659 -177.63
660 -181.56
661 -187.56
662 -192.47
663 -194.78
664 -194.84
665 -193.28
666 -191.53
667 -190.38
668 -190.06
669 -190.38
670 -190.97
671 -191.53
672 -191.66
673 -191.81
674 -191.56
675 -191.25
676 -191.0
677 -190.81
678 -190.69
679 -190.69
680 -190.44
681 -190.31
682 -190.19
683 -189.88
684 -189.75
685 -189.44
686 -189.06
687 -188.75
688 -188.63
689 -188.25
690 -187.81
691 -187.5
692 -187.13
693 -186.69
694 -186.25
695 -185.75
696 -185.38
697 -184.88
698 -184.5
699 -176.44
700 -129.75
701 -1.0
702 218.38
703 477.0
704 697.81
705 825.63
706 849.06
707 794.69
708 705.94
709 620.81
710 560.75
711 528.38
712 514.69
713 506.88
714 495.0
715 475.0
716 447.88
717 417.31
718 386.88
719 359.0
720 334.38
721 312.38
722 291.63
723 271.0
724 250.0
725 228.5
726 207.0
727 186.13
728 165.38
729 145.38
730 126.62
731 107.62
732 89.62
733 71.5
734 54.0
735 36.63
736 19.87
737 3.0
738 -12.75
739 -28.37
740 -43.75
741 -58.5
742 -73.25
743 -87.12
744 -101.37
745 -114.75
746 -128.0
747 -140.63
748 -153.0
749 -165.13
750 -177.0
751 -188.38
752 -199.63
753 -210.63
754 -221.0
755 -231.5
756 -241.25
757 -250.63
758 -260.0
759 -269.13
760 -285.38
761 -339.75
762 -476.13
763 -703.0
764 -968.25
765 -1195.75
766 -1330.0
767 -1359.63
768 -1311.25
769 -1227.75
770 -1148.25
771 -1092.88
772 -1065.88
773 -1056.5
774 -1053.13
775 -1045.13
776 -1028.75
777 -1005.25
778 -977.88
779 -950.63
780 -925.75
781 -903.75
782 -884.0
783 -865.63
784 -846.75
785 -827.38
786 -807.63
787 -787.25
788 -767.25
789 -747.88
790 -728.75
791 -709.75
792 -691.5
793 -673.38
794 -655.25
795 -637.38
796 -619.75
797 -602.38
798 -585.0
799 -568.0
800 -551.38
801 -534.75
802 -518.38
803 -502.13
804 -486.38
805 -470.5
806 -455.0
807 -439.63
808 -424.88
809 -409.63
810 -395.0
811 -380.5
812 -366.0
813 -352.0
814 -338.0
815 -324.25
816 -310.88
817 -297.13
818 -284.25
819 -271.13
820 -258.5
821 -245.5
822 -233.25
823 -221.25
824 -209.25
825 -197.38
826 -185.5
827 -174.13
828 -162.38
829 -151.63
830 -140.5
831 -129.75
832 -118.87
833 -108.37
834 -98.25
835 -88.0
836 -78.25
837 -68.44
838 -58.81
839 -49.31
840 -39.94
841 -30.94
842 -21.75
843 -13.0
844 -4.25
845 3.94
846 12.44
847 20.62
848 28.81
849 36.63
850 44.25
851 51.81
852 59.44
853 66.62
854 73.75
855 80.69
856 87.69
857 94.37
858 101.12
859 107.56
860 113.78
861 120.06
862 126.09
863 132.0
864 137.69
865 143.42
866 149.06
867 154.14
868 159.67
869 164.72
870 169.73
871 174.52
872 179.37
873 184.02
874 188.35
875 193.0
876 197.07
877 201.32
878 205.5
879 209.25
880 213.16
881 216.77
882 220.55
883 223.91
884 227.19
885 230.55
886 233.66
887 236.66
888 239.81
889 242.5
890 245.28
891 248.0
892 250.53
893 252.81
894 255.34
895 257.63
896 259.66
897 261.72
898 263.81
899 265.69
900 267.38
901 269.0
902 270.81
903 272.19
904 273.69
905 275.13
906 276.5
907 277.44
908 278.69
909 279.63
910 280.56
911 281.5
912 282.19
913 282.94
914 283.56
915 284.06
916 284.63
917 285.0
918 285.44
919 285.63
920 286.06
921 285.94
922 286.13
923 286.25
924 285.81
925 285.81
926 285.69
927 285.38
928 285.06
929 284.56
930 284.38
931 283.88
932 283.31
933 282.63
934 281.94
935 281.44
936 280.38
937 279.63
938 278.75
939 278.0
940 276.75
941 275.88
942 274.63
943 273.63
944 272.38
945 271.38
946 270.13
947 268.75
948 267.25
949 266.13
950 264.38
951 262.88
952 261.63
953 260.13
954 258.38
955 257.0
956 255.13
957 253.63
958 251.75
959 250.0
960 248.25
961 246.5
962 244.75
963 242.75
964 240.75
965 239.0
966 237.0
967 234.88
968 232.63
969 230.75
970 228.88
971 226.75
972 224.5
973 222.25
974 220.13
975 217.88
976 215.75
977 213.38
978 211.25
979 209.0
980 206.75
981 204.5
982 202.0
983 199.63
984 197.38
985 195.0
986 192.88
987 190.25
988 188.0
989 185.63
990 183.25
991 180.5
992 178.25
993 175.63
994 173.25
995 170.88
996 168.25
997 165.75
998 163.38
999 160.63
1000 158.25
1001 155.75
1002 153.25
1003 150.63
1004 148.13
1005 145.75
1006 143.13
1007 140.38
1008 138.0
1009 135.5
1010 132.94
1011 130.38
1012 127.81
1013 125.25
1014 122.75
1015 120.31
1016 117.69
1017 115.19
1018 112.62
1019 110.12
1020 107.69
1021 105.19
1022 102.56
1023 100.19
1024 97.62
1025 95.19
1026 92.62
1027 90.25
1028 87.69
1029 85.19
1030 82.75
1031 80.44
1032 77.94
1033 75.5
1034 73.0
1035 70.62
1036 68.25
1037 65.94
1038 63.5
1039 61.13
1040 58.69
1041 56.5
1042 54.19
1043 51.88
1044 49.44
1045 47.25
1046 44.88
1047 42.69
1048 40.38
1049 38.13
1050 36.0
1051 33.81
1052 31.56
1053 29.44
1054 27.19
1055 25.19
1056 22.94
1057 20.94
1058 18.62
1059 16.69
1060 14.63
1061 12.56
1062 10.56
1063 8.47
1064 6.47
1065 4.53
1066 2.53
1067 0.59
1068 -1.37
1069 -3.31
1070 -5.13
1071 -6.94
1072 -8.84
1073 -10.66
1074 -12.5
1075 -14.25
1076 -16.03
1077 -17.84
1078 -19.59
1079 -21.28
1080 -23.03
1081 -24.62
1082 -26.34
1083 -28.0
1084 -29.53
1085 -31.22
1086 -32.78
1087 -34.31
1088 -35.91
1089 -37.36
1090 -38.91
1091 -40.38
1092 -41.8
1093 -43.25
1094 -44.7
1095 -46.06
1096 -47.47
1097 -48.81
1098 -50.13
1099 -51.46
1100 -52.74
1101 -54.03
1102 -55.27
1103 -56.52
1104 -57.72
1105 -58.89
1106 -60.05
1107 -61.24
1108 -62.34
1109 -63.45
1110 -64.54
1111 -65.6
1112 -66.65
1113 -67.67
1114 -68.69
1115 -69.65
1116 -70.59
1117 -71.56
1118 -72.45
1119 -73.38
1120 -74.23
1121 -75.11
1122 -75.95
1123 -76.76
1124 -77.55
1125 -78.34
1126 -79.09
1127 -79.86
1128 -80.53
1129 -81.25
1130 -81.94
1131 -82.58
1132 -83.23
1133 -83.86
1134 -84.44
1135 -85.03
1136 -85.55
1137 -86.12
1138 -86.66
1139 -87.14
1140 -87.64
1141 -88.09
1142 -88.55
1143 -88.94
1144 -89.41
1145 -89.72
1146 -90.12
1147 -90.53
1148 -90.84
1149 -91.12
1150 -91.47
1151 -91.75
1152 -92.0
1153 -92.19
1154 -92.5
1155 -92.69
1156 -92.91
1157 -93.06
1158 -93.16
1159 -93.37
1160 -93.5
1161 -93.62
1162 -93.75
1163 -93.81
1164 -93.87
1165 -93.91
1166 -93.97
1167 -93.97
1168 -93.94
1169 -93.94
1170 -93.91
1171 -93.81
1172 -93.78
1173 -93.72
1174 -93.59
1175 -93.5
1176 -93.47
1177 -93.34
1178 -93.12
1179 -93.0
1180 -92.75
1181 -92.59
1182 -92.41
1183 -92.19
1184 -92.0
1185 -91.78
1186 -91.5
1187 -91.22
1188 -90.87
1189 -90.62
1190 -90.34
1191 -90.06
1192 -89.75
1193 -89.34
1194 -89.03
1195 -88.66
1196 -88.37
1197 -87.94
1198 -87.56
1199 -87.16
1200 -86.69
1201 -86.34
1202 -85.91
1203 -85.47
1204 -84.94
1205 -84.56
1206 -84.06
1207 -83.56
1208 -83.0
1209 -82.56
1210 -82.12
1211 -81.56
1212 -81.0
1213 -80.44
1214 -80.0
1215 -79.37
1216 -78.81
1217 -78.25
1218 -77.75
1219 -77.06
1220 -76.56
1221 -76.0
1222 -75.31
1223 -74.69
1224 -74.06
1225 -73.44
1226 -72.81
1227 -72.31
1228 -71.5
1229 -70.94
1230 -70.25
1231 -69.69
1232 -69.0
1233 -68.25
1234 -67.62
1235 -66.87
1236 -66.31
1237 -65.62
1238 -64.87
1239 -64.25
1240 -63.5
1241 -62.88
1242 -62.13
1243 -61.44
1244 -60.63
1245 -59.97
1246 -59.22
1247 -58.5
1248 -57.78
1249 -57.09
1250 -56.34
1251 -55.56
1252 -54.88
1253 -54.13
1254 -53.38
1255 -52.63
1256 -51.91
1257 -51.13
1258 -50.44
1259 -49.66
1260 -48.94
1261 -48.16
1262 -47.34
1263 -46.63
1264 -45.88
1265 -45.13
1266 -44.41
1267 -43.63
1268 -42.84
1269 -42.13
1270 -41.31
1271 -40.63
1272 -39.84
1273 -39.06
1274 -38.34
1275 -37.59
1276 -36.81
1277 -36.0
1278 -35.28
1279 -34.59
1280 -33.84
1281 -33.03
1282 -32.34
1283 -31.56
1284 -30.78
1285 -30.06
1286 -29.34
1287 -28.59
1288 -27.84
1289 -27.12
1290 -26.34
1291 -25.62
1292 -24.97
1293 -24.16
1294 -23.53
1295 -22.72
1296 -22.03
1297 -21.34
1298 -20.59
1299 -19.94
1300 -19.16
1301 -18.47
1302 -17.84
1303 -17.09
1304 -16.44
1305 -15.75
1306 -15.06
1307 -14.34
1308 -13.66
1309 -12.97
1310 -12.31
1311 -11.63
1312 -10.97
1313 -10.31
1314 -9.66
1315 -9.0
1316 -8.38
1317 -7.75
1318 -7.09
1319 -6.44
1320 -5.84
1321 -5.16
1322 -4.56
1323 -3.94
1324 -3.38
1325 -2.75
1326 -2.13
1327 -1.53
1328 -0.97
1329 -0.36
1330 0.23
1331 0.81
1332 1.37
1333 1.92
1334 2.48
1335 3.06
1336 3.59
1337 4.13
1338 4.69
1339 5.23
1340 5.75
1341 6.27
1342 6.8
1343 7.31
1344 7.81
1345 8.33
1346 8.8
1347 9.3
1348 9.8
1349 10.27
1350 10.75
1351 11.2
1352 11.67
1353 12.14
1354 12.58
1355 13.05
1356 13.47
1357 13.92
1358 14.34
1359 14.75
1360 15.17
1361 15.59
1362 16.01
1363 16.4
1364 16.8
1365 17.17
1366 17.56
1367 17.94
1368 18.3
1369 18.66
1370 19.02
1371 19.37
1372 19.72
1373 20.05
1374 20.39
1375 20.71
1376 21.02
1377 21.35
1378 21.67
1379 21.97
1380 22.27
1381 22.56
1382 22.84
1383 23.12
1384 23.39
1385 23.67
1386 23.93
1387 24.19
1388 24.44
1389 24.68
1390 24.92
1391 25.15
1392 25.38
1393 25.61
1394 25.82
1395 26.03
1396 26.24
1397 26.43
1398 26.63
1399 26.82
1400 27.0
1401 27.17
1402 27.35
1403 27.51
1404 27.67
1405 27.82
1406 27.98
1407 28.12
1408 28.25
1409 28.38
1410 28.51
1411 28.64
1412 28.75
1413 28.86
1414 28.96
1415 29.07
1416 29.17
1417 29.26
1418 29.34
1419 29.42
1420 29.5
1421 29.57
1422 29.63
1423 29.69
1424 29.74
1425 29.79
1426 29.84
1427 29.88
1428 29.91
1429 29.95
1430 29.96
1431 30.0
1432 30.0
1433 30.02
1434 30.04
1435 30.03
1436 30.04
1437 30.03
1438 30.02
1439 30.0
1440 29.98
1441 29.95
1442 29.93
1443 29.91
1444 29.85
1445 29.82
1446 29.8
1447 29.73
1448 29.68
1449 29.62
1450 29.58
1451 29.5
1452 29.43
1453 29.37
1454 29.29
1455 29.21
1456 29.13
1457 29.05
1458 28.94
1459 28.87
1460 28.76
1461 28.66
1462 28.55
1463 28.45
1464 28.34
1465 28.23
1466 28.12
1467 27.99
1468 27.87
1469 27.75
1470 27.62
1471 27.49
1472 27.34
1473 27.2
1474 27.08
1475 26.94
1476 26.8
1477 26.66
1478 26.52
1479 26.36
1480 26.16
1481 26.03
1482 25.84
1483 25.67
1484 25.53
1485 25.37
1486 25.19
1487 25.03
1488 24.84
1489 24.67
1490 24.5
1491 24.31
1492 24.16
1493 23.97
1494 23.73
1495 23.55
1496 23.36
1497 23.17
1498 22.98
1499 22.78
1500 22.61
1501 22.39
1502 22.22
1503 22.0
1504 21.8
1505 21.58
1506 21.37
1507 21.19
1508 21.0
1509 20.78
1510 20.58
1511 20.36
1512 20.09
1513 19.89
1514 19.67
1515 19.45
1516 19.27
1517 19.03
1518 18.81
1519 18.61
1520 18.36
1521 18.17
1522 17.94
1523 17.7
1524 17.5
1525 17.27
1526 17.05
1527 16.83
1528 16.59
1529 16.37
1530 16.14
1531 15.92
1532 15.72
1533 15.48
1534 15.25
1535 15.02
1536 14.78
1537 14.55
1538 14.33
1539 14.13
1540 13.88
1541 13.64
1542 13.41
1543 13.18
1544 12.96
1545 12.73
1546 12.49
1547 12.27
1548 12.05
1549 11.83
1550 11.59
1551 11.37
1552 11.15
1553 10.92
1554 10.69
1555 10.47
1556 10.24
1557 10.02
1558 9.8
1559 9.56
1560 9.34
1561 9.12
1562 8.91
1563 8.69
1564 8.47
1565 8.23
1566 8.02
1567 7.81
1568 7.59
1569 7.38
1570 7.16
1571 6.96
1572 6.74
1573 6.52
1574 6.33
1575 6.1
1576 5.9
1577 5.7
1578 5.48
1579 5.28
1580 5.08
1581 4.87
1582 4.66
1583 4.46
1584 4.27
1585 4.08
1586 3.87
1587 3.67
1588 3.48
1589 3.28
1590 3.09
1591 2.9
1592 2.72
1593 2.53
1594 2.34
1595 2.16
1596 1.96
1597 1.79
1598 1.6
1599 1.43
1600 1.24
1601 1.06
1602 0.88
1603 0.71
1604 0.54
1605 0.37
1606 0.2
1607 0.04
1608 -0.13
1609 -0.3
1610 -0.46
1611 -0.63
1612 -0.79
1613 -0.95
1614 -1.1
1615 -1.26
1616 -1.41
1617 -1.56
1618 -1.72
1619 -1.87
1620 -2.02
1621 -2.16
1622 -2.3
1623 -2.45
1624 -2.59
1625 -2.73
1626 -2.87
1627 -3.0
1628 -3.14
1629 -3.27
1630 -3.41
1631 -3.53
1632 -3.66
1633 -3.78
1634 -3.91
1635 -4.03
1636 -4.15
1637 -4.27
1638 -4.39
1639 -4.5
1640 -4.62
1641 -4.73
1642 -4.84
1643 -4.94
1644 -5.05
1645 -5.16
1646 -5.26
1647 -5.36
1648 -5.46
1649 -5.56
1650 -5.65
1651 -5.75
1652 -5.84
1653 -5.93
1654 -6.02
1655 -6.11
1656 -6.2
1657 -6.28
1658 -6.36
1659 -6.44
1660 -6.52
1661 -6.6
1662 -6.68
1663 -6.75
1664 -6.82
1665 0
1666 230.0
1667 227.25
1668 224.5
1669 221.69
1670 218.94
1671 216.06
1672 213.31
1673 210.56
1674 215.25
1675 258.25
1676 383.94
1677 599.5
1678 240.56
1679 238.06
1680 235.25
1681 232.5
1682 230.0
1683 227.25
1684 224.5
1685 221.69
1686 218.94
1687 216.06
1688 213.31
1689 210.56
1690 215.25
1691 258.25
1692 383.94
1693 599.5
1694 240.56
1695 238.06
1696 235.25
1697 232.5
1698 230.0
1699 227.25
1700 224.5
1701 221.69
1702 218.94
1703 216.06
1704 213.31
1705 210.56
1706 215.25
1707 258.25
1708 383.94
1709 599.5
1710 854.81
1711 1071.69
1712 1195.94
1713 1215.94
1714 1158.0
1715 1065.63
1716 977.13
1717 913.19
1718 877.44
1719 860.19
1720 848.69
1721 833.0
1722 809.19
1723 778.19
1724 743.75
1725 709.56
1726 678.06
1727 649.63
1728 623.81
1729 599.25
1730 574.56
1731 549.69
1732 524.31
1733 498.94
1734 473.94
1735 449.19
1736 425.38
1737 402.44
1738 379.81
1739 357.41
1740 335.53
1741 314.0
1742 292.84
1743 272.03
1744 251.66
1745 231.67
1746 211.97
1747 192.66
1748 173.74
1749 155.23
1750 137.11
1751 119.13
1752 101.8
1753 84.73
1754 67.83
1755 51.55
1756 35.03
1757 19.42
1758 4.08
1759 -10.75
1760 -25.45
1761 -39.91
1762 -53.97
1763 -67.87
1764 -81.22
1765 -94.53
1766 -107.28
1767 -119.87
1768 -132.13
1769 -143.81
1770 -155.69
1771 -166.88
1772 -177.94
1773 -188.69
1774 -199.44
1775 -209.69
1776 -219.44
1777 -229.25
1778 -238.88
1779 -248.06
1780 -256.63
1781 -265.13
1782 -273.63
1783 -281.63
1784 -289.88
1785 -297.31
1786 -304.56
1787 -312.25
1788 -319.38
1789 -325.5
1790 -331.63
1791 -338.0
1792 -343.88
1793 -349.88
1794 -355.38
1795 -360.75
1796 -365.75
1797 -370.88
1798 -375.25
1799 -379.75
1800 -384.25
1801 -388.25
1802 -392.25
1803 -396.0
1804 -399.5
1805 -403.0
1806 -406.38
1807 -408.88
1808 -411.63
1809 -414.13
1810 -417.13
1811 -419.13
1812 -421.38
1813 -423.38
1814 -424.88
1815 -426.5
1816 -427.88
1817 -429.38
1818 -430.63
1819 -431.63
1820 -432.0
1821 -433.13
1822 -433.13
1823 -433.88
1824 -434.38
1825 -434.5
1826 -434.38
1827 -434.25
1828 -434.0
1829 -433.5
1830 -433.0
1831 -432.75
1832 -431.63
1833 -431.25
1834 -430.5
1835 -429.25
1836 -428.25
1837 -426.25
1838 -424.75
1839 -423.38
1840 -421.75
1841 -420.13
1842 -418.63
1843 -416.38
1844 -414.25
1845 -412.5
1846 -410.25
1847 -407.75
1848 -405.25
1849 -403.13
1850 -400.88
1851 -398.0
1852 -395.5
1853 -392.38
1854 -389.88
1855 -387.0
1856 -384.13
1857 -380.75
1858 -378.0
1859 -374.63
1860 -371.0
1861 -368.0
1862 -364.75
1863 -361.25
1864 -357.63
1865 -354.38
1866 -350.5
1867 -347.13
1868 -343.0
1869 -339.63
1870 -335.75
1871 -331.25
1872 -327.38
1873 -324.25
1874 -320.13
1875 -315.88
1876 -311.63
1877 -308.25
1878 -303.5
1879 -299.75
1880 -295.63
1881 -291.38
1882 -286.88
1883 -283.75
1884 -278.88
1885 -275.13
1886 -270.38
1887 -266.0
1888 -261.63
1889 -257.25
1890 -253.0
1891 -248.25
1892 -244.38
1893 -239.75
1894 -235.38
1895 -231.0
1896 -226.63
1897 -222.0
1898 -217.13
1899 -212.5
1900 -208.63
1901 -204.5
1902 -200.25
1903 -196.63
1904 -191.75
1905 -187.0
1906 -182.75
1907 -177.75
1908 -172.13
1909 -167.38
1910 -163.63
1911 -158.75
1912 -154.5
1913 -150.13
1914 -145.0
1915 -140.88
1916 -137.0
1917 -131.88
1918 -128.25
1919 -123.87
1920 -119.5
1921 -114.37
1922 -110.62
1923 -105.75
1924 -101.87
1925 -97.12
1926 -93.37
1927 -88.56
1928 -84.31
1929 -80.56
1930 -76.37
1931 -71.75
1932 -68.06
1933 -63.5
1934 -59.38
1935 -55.31
1936 -51.31
1937 -47.31
1938 -43.25
1939 -38.81
1940 -35.94
1941 -32.63
1942 -28.75
1943 -24.37
1944 -20.06
1945 -15.31
1946 -12.63
1947 -8.44
1948 -4.31
1949 -1.19
1950 3.0
1951 6.06
1952 10.0
1953 14.0
1954 17.47
1955 20.87
1956 24.69
1957 26.06
1958 29.87
1959 34.16
1960 36.91
1961 40.59
1962 43.25
1963 46.88
1964 49.97
1965 53.06
1966 58.09
1967 60.56
1968 63.48
1969 66.89
1970 69.23
1971 73.08
1972 75.35
1973 77.62
1974 81.33
1975 83.5
1976 86.14
1977 89.74
1978 91.79
1979 94.82
1980 97.3
1981 99.73
1982 101.65
1983 104.52
1984 106.85
1985 109.12
1986 111.39
1987 113.61
1988 116.28
1989 118.44
1990 120.53
1991 122.59
1992 125.12
1993 127.11
1994 129.03
1995 131.47
1996 132.84
1997 134.69
1998 136.97
1999 138.72
2000 140.44
2001 141.66
2002 144.28
2003 145.38
2004 147.94
2005 148.5
2006 150.97
2007 152.44
2008 153.31
2009 155.22
2010 156.13
2011 157.88
2012 158.69
2013 160.38
2014 161.06
2015 162.81
2016 163.94
2017 165.06
2018 166.0
2019 167.13
2020 167.63
2021 168.5
2022 169.44
2023 169.88
2024 170.81
2025 170.63
2026 170.88
2027 164.63
2028 119.37
2029 -8.38
2030 -226.0
2031 -482.0
2032 -701.81
2033 -827.38
2034 -850.63
2035 -795.19
2036 -705.5
2037 -618.56
2038 -550.81
2039 -470.63
2040 -327.06
2041 -100.31
2042 169.94
2043 411.69
2044 566.56
2045 620.5
2046 597.38
2047 535.88
2048 475.75
2049 437.88
2050 427.63
2051 434.75
2052 447.88
2053 457.5
2054 458.63
2055 453.0
2056 443.0
2057 431.63
2058 423.88
2059 417.75
2060 414.0
2061 410.63
2062 407.0
2063 403.13
2064 398.25
2065 392.25
2066 388.38
2067 382.13
2068 377.13
2069 372.63
2070 368.13
2071 364.25
2072 359.25
2073 355.25
2074 350.38
2075 345.13
2076 341.25
2077 336.63
2078 331.75
2079 327.0
2080 323.25
2081 318.63
2082 313.38
2083 309.88
2084 304.75
2085 300.75
2086 296.25
2087 291.63
2088 286.88
2089 282.88
2090 278.38
2091 274.63
2092 270.0
2093 265.38
2094 262.38
2095 257.13
2096 254.5
2097 251.0
2098 245.75
2099 241.63
2100 237.75
2101 234.0
2102 230.5
2103 226.25
2104 222.0
2105 219.0
2106 214.88
2107 210.38
2108 206.63
2109 203.0
2110 198.88
2111 194.25
2112 190.75
2113 186.75
2114 182.5
2115 178.5
2116 175.63
2117 171.88
2118 168.0
2119 164.88
2120 162.88
2121 158.88
2122 155.25
2123 143.63
2124 95.25
2125 -36.63
2126 -258.38
2127 -519.13
2128 -742.88
2129 -873.5
2130 -900.25
2131 -847.75
2132 -761.63
2133 -680.0
2134 -621.38
2135 -592.0
2136 -579.75
2137 -574.88
2138 -565.5
2139 -547.25
2140 -522.63
2141 -495.0
2142 -465.63
2143 -440.75
2144 -418.13
2145 -398.25
2146 -380.0
2147 -360.38
2148 -341.25
2149 -321.88
2150 -302.38
2151 -283.38
2152 -264.75
2153 -246.88
2154 -229.63
2155 -211.25
2156 -194.88
2157 -178.88
2158 -162.63
2159 -146.5
2160 -131.38
2161 -115.87
2162 -102.25
2163 -87.0
2164 -73.0
2165 -59.38
2166 -46.0
2167 -34.0
2168 -20.87
2169 -8.75
2170 3.13
2171 15.5
2172 26.62
2173 37.63
2174 48.13
2175 58.88
2176 69.75
2177 79.25
2178 89.5
2179 98.37
2180 108.12
2181 116.25
2182 125.37
2183 134.0
2184 141.38
2185 148.63
2186 156.5
2187 164.25
2188 170.88
2189 177.75
2190 184.63
2191 191.5
2192 197.75
2193 203.25
2194 20.0
2195 326.31
2196 303.5
2197 282.25
2198 261.94
2199 680.25
2200 633.0
2201 580.25
2202 534.69
2203 501.5
2204 478.38
2205 460.75
2206 443.5
2207 423.81
2208 400.81
2209 376.06
2210 350.63
2211 326.31
2212 303.5
2213 282.25
2214 261.94
2215 680.25
2216 633.0
2217 580.25
2218 534.69
2219 501.5
2220 478.38
2221 460.75
2222 443.5
2223 423.81
2224 400.81
2225 376.06
2226 350.63
2227 326.31
2228 303.5
2229 282.25
2230 261.94
2231 241.88
2232 222.19
2233 202.5
2234 183.06
2235 164.0
2236 145.13
2237 126.75
2238 109.0
2239 91.62
2240 74.5
2241 58.13
2242 42.25
2243 26.25
2244 11.0
2245 -4.13
2246 -18.75
2247 -33.5
2248 -47.5
2249 -61.13
2250 -74.37
2251 -87.25
2252 -99.87
2253 -112.12
2254 -124.12
2255 -136.0
2256 -147.38
2257 -158.5
2258 -169.0
2259 -179.75
2260 -190.0
2261 -199.63
2262 -209.0
2263 -218.38
2264 -227.25
2265 -236.13
2266 -244.25
2267 -252.0
2268 -260.13
2269 -267.75
2270 -275.25
2271 -282.13
2272 -288.75
2273 -295.38
2274 -301.75
2275 -307.63
2276 -313.38
2277 -319.13
2278 -332.38
2279 -383.25
2280 -516.25
2281 -739.5
2282 -1001.88
2283 -1226.38
2284 -1357.25
2285 -1383.75
2286 -1332.63
2287 -1246.25
2288 -1163.5
2289 -1105.88
2290 -1075.63
2291 -1063.75
2292 -1057.63
2293 -1047.25
2294 -1028.0
2295 -1002.13
2296 -972.38
2297 -942.5
2298 -915.5
2299 -891.38
2300 -869.13
2301 -848.5
2302 -827.63
2303 -805.63
2304 -783.5
2305 -761.5
2306 -739.38
2307 -718.0
2308 -696.75
2309 -676.13
2310 -656.63
2311 -636.13
2312 -616.5
2313 -597.0
2314 -577.88
2315 -559.0
2316 -539.75
2317 -521.25
2318 -503.38
2319 -484.75
2320 -467.5
2321 -449.88
2322 -432.63
2323 -415.63
2324 -398.88
2325 -382.38
2326 -365.88
2327 -349.75
2328 -334.25
2329 -318.5
2330 -302.75
2331 -287.63
2332 -272.75
2333 -257.63
2334 -243.13
2335 -229.0
2336 -215.13
2337 -201.13
2338 -187.69
2339 -174.44
2340 -161.69
2341 -148.75
2342 -136.06
2343 -123.81
2344 -111.69
2345 -99.5
2346 -87.5
2347 -76.0
2348 -64.25
2349 -53.19
2350 -42.06
2351 -31.5
2352 -20.62
2353 -10.31
2354 0.06
2355 10.13
2356 19.84
2357 29.97
2358 39.44
2359 48.66
2360 57.44
2361 66.72
2362 75.34
2363 84.19
2364 92.66
2365 100.8
2366 108.86
2367 116.81
2368 124.41
2369 131.93
2370 139.38
2371 146.46
2372 153.6
2373 160.52
2374 167.22
2375 173.59
2376 180.27
2377 186.32
2378 192.44
2379 198.48
2380 204.17
2381 209.89
2382 215.3
2383 220.78
2384 225.84
2385 230.91
2386 236.0
2387 240.69
2388 245.25
2389 249.75
2390 253.97
2391 258.19
2392 262.25
2393 266.31
2394 270.0
2395 273.81
2396 277.13
2397 280.75
2398 284.0
2399 287.38
2400 290.25
2401 293.31
2402 296.0
2403 298.69
2404 301.19
2405 303.81
2406 306.06
2407 308.31
2408 310.5
2409 312.38
2410 314.5
2411 316.19
2412 318.0
2413 319.56
2414 321.06
2415 322.44
2416 323.63
2417 325.0
2418 325.56
2419 326.88
2420 327.75
2421 328.38
2422 329.38
2423 330.0
2424 330.63
2425 330.75
2426 331.5
2427 331.5
2428 331.88
2429 332.0
2430 331.75
2431 331.63
2432 331.63
2433 331.5
2434 331.25
2435 330.88
2436 330.13
2437 330.13
2438 329.38
2439 328.63
2440 327.88
2441 327.13
2442 326.13
2443 325.25
2444 324.13
2445 323.13
2446 322.0
2447 320.88
2448 319.75
2449 318.5
2450 317.13
2451 315.38
2452 314.38
2453 312.5
2454 311.13
2455 309.5
2456 307.88
2457 305.88
2458 304.13
2459 302.5
2460 300.63
2461 298.75
2462 296.88
2463 294.75
2464 292.5
2465 290.25
2466 288.13
2467 286.0
2468 284.0
2469 281.5
2470 279.38
2471 277.13
2472 275.0
2473 272.25
2474 269.88
2475 267.38
2476 265.13
2477 262.38
2478 260.0
2479 257.5
2480 254.75
2481 252.25
2482 249.5
2483 246.63
2484 244.38
2485 241.5
2486 238.63
2487 235.75
2488 233.0
2489 230.5
2490 227.5
2491 224.75
2492 221.75
2493 218.75
2494 216.13
2495 213.13
2496 210.5
2497 207.5
2498 204.63
2499 201.63
2500 198.88
2501 195.63
2502 192.75
2503 190.38
2504 192.5
2505 205.63
2506 230.25
2507 259.75
2508 308.38
2509 409.0
2510 546.88
2511 649.38
2512 672.63
2513 651.88
2514 631.75
2515 614.0
2516 600.88
2517 620.5
2518 690.63
2519 793.25
2520 889.38
2521 946.0
2522 951.75
2523 915.13
2524 857.0
2525 796.63
2526 748.0
2527 713.5
2528 690.0
2529 671.0
2530 651.06
2531 627.38
2532 600.25
2533 571.0
2534 541.94
2535 513.88
2536 487.75
2537 463.25
2538 439.63
2539 416.5
2540 393.56
2541 370.38
2542 347.44
2543 324.94
2544 302.69
2545 281.0
2546 259.88
2547 239.25
2548 218.88
2549 198.97
2550 179.5
2551 160.31
2552 141.44
2553 123.06
2554 104.78
2555 87.08
2556 69.77
2557 52.73
2558 35.97
2559 19.62
2560 3.89
2561 -11.81
2562 -27.36
2563 -42.15
2564 -56.8
2565 -70.66
2566 -84.64
2567 -98.25
2568 -111.47
2569 -124.66
2570 -137.2
2571 -149.59
2572 -161.69
2573 -173.59
2574 -185.09
2575 -196.38
2576 -206.94
2577 -217.72
2578 -227.88
2579 -237.94
2580 -247.69
2581 -257.25
2582 -266.25
2583 -275.56
2584 -284.38
2585 -292.94
2586 -300.75
2587 -308.81
2588 -316.06
2589 -323.56
2590 -330.88
2591 -337.56
2592 -344.31
2593 -350.81
2594 -357.13
2595 -363.06
2596 -368.94
2597 -374.13
2598 -379.5
2599 -384.5
2600 -390.0
2601 -394.13
2602 -398.75
2603 -403.13
2604 -407.38
2605 -411.38
2606 -415.0
2607 -426.0
2608 -474.88
2609 -606.5
2610 -828.0
2611 -1088.25
2612 -1311.25
2613 -1441.5
2614 -1466.0
2615 -1413.38
2616 -1325.88
2617 -1241.63
2618 -1182.38
2619 -1150.75
2620 -1137.38
2621 -1130.25
2622 -1118.13
2623 -1098.5
2624 -1071.38
2625 -1039.75
2626 -1009.13
2627 -980.75
2628 -955.63
2629 -932.75
2630 -910.5
2631 -889.13
2632 -866.25
2633 -843.0
2634 -819.63
2635 -797.0
2636 -774.63
2637 -753.0
2638 -731.13
2639 -711.25
2640 -690.0
2641 -669.75
2642 -649.25
2643 -629.13
2644 -609.5
2645 -590.13
2646 -571.0
2647 -552.0
2648 -533.25
2649 -515.13
2650 -497.25
2651 -479.13
2652 -461.5
2653 -444.38
2654 -427.88
2655 -410.63
2656 -394.38
2657 -378.13
2658 -361.88
2659 -345.88
2660 -330.5
2661 -315.25
2662 -300.5
2663 -285.75
2664 -270.94
2665 -257.06
2666 -243.0
2667 -229.06
2668 -215.38
2669 -202.13
2670 -188.81
2671 -175.75
2672 -163.25
2673 -150.5
2674 -138.38
2675 -126.12
2676 -114.75
2677 -103.19
2678 -91.5
2679 -80.56
2680 -69.56
2681 -58.5
2682 -47.75
2683 -37.63
2684 -27.44
2685 -17.37
2686 -7.88
2687 1.84
2688 11.16
2689 20.69
2690 29.34
2691 38.19
2692 47.16
2693 55.56
2694 63.66
2695 71.87
2696 79.77
2697 87.59
2698 95.33
2699 102.7
2700 110.02
2701 116.75
2702 123.9
2703 130.23
2704 137.21
2705 143.37
2706 149.69
2707 155.94
2708 161.6
2709 167.44
2710 173.2
2711 178.39
2712 183.73
2713 189.05
2714 193.98
2715 199.11
2716 203.66
2717 208.41
2718 212.53
2719 217.34
2720 221.88
2721 226.34
2722 229.94
2723 233.69
2724 236.94
2725 240.63
2726 243.66
2727 246.72
2728 249.69
2729 252.78
2730 2.0
2731 91.87
2732 123.87
2733 144.0
2734 149.75
2735 145.13
2736 136.5
2737 129.88
2738 128.63
2739 133.25
2740 140.13
2741 146.0
2742 147.63
2743 145.88
2744 142.63
2745 139.5
2746 137.75
2747 137.88
2748 138.88
2749 140.38
2750 141.63
2751 142.88
2752 142.75
2753 143.13
2754 142.75
2755 142.75
2756 142.88
2757 142.38
2758 142.63
2759 142.5
2760 142.25
2761 141.88
2762 141.63
2763 141.13
2764 140.75
2765 140.25
2766 140.0
2767 139.13
2768 138.88
2769 139.0
2770 138.63
2771 138.25
2772 137.13
2773 136.5
2774 135.0
2775 133.63
2776 132.0
2777 130.88
2778 129.75
2779 128.5
2780 127.37
2781 126.37
2782 125.12
2783 124.12
2784 123.94
2785 127.81
2786 137.25
2787 148.06
2788 152.19
2789 145.94
2790 132.44
2791 117.44
2792 105.81
2793 99.44
2794 98.31
2795 99.94
2796 104.06
2797 117.75
2798 149.38
2799 191.63
2800 224.94
2801 249.88
2802 298.25
2803 380.19
2804 450.81
2805 472.25
2806 460.88
2807 444.56
2808 410.5
2809 330.56
2810 207.75
2811 75.44
2812 -29.19
2813 -85.56
2814 -95.06
2815 -74.31
2816 -44.44
2817 -21.0
2818 -11.0
2819 -12.88
2820 -21.12
2821 -30.0
2822 -35.31
2823 -36.56
2824 -34.88
2825 -32.25
2826 -30.06
2827 -29.69
2828 -30.31
2829 -32.0
2830 -33.31
2831 -29.5
2832 -5.81
2833 45.38
2834 101.81
2835 131.88
2836 132.47
2837 122.72
2838 108.31
2839 79.84
2840 34.84
2841 -17.09
2842 -61.63
2843 -89.09
2844 -98.12
2845 -93.59
2846 -82.97
2847 -72.56
2848 -56.34
2849 -9.94
2850 77.41
2851 169.59
2852 217.22
2853 213.31
2854 179.78
2855 128.84
2856 60.44
2857 -17.87
2858 -89.16
2859 -138.61
2860 -160.56
2861 -159.66
2862 -145.84
2863 -129.89
2864 -117.02
2865 -97.39
2866 -43.28
2867 53.86
2868 151.09
2869 197.66
2870 188.1
2871 146.53
2872 85.82
2873 9.71
2874 -69.45
2875 -133.19
2876 -171.33
2877 -183.79
2878 -168.54
2879 -117.65
2880 -38.58
2881 32.82
2882 74.08
2883 106.38
2884 150.5
2885 181.95
2886 172.38
2887 136.32
2888 98.95
2889 56.13
2890 -7.22
2891 -81.0
2892 -139.59
2893 -173.23
2894 -188.88
2895 -180.84
2896 -123.61
2897 -17.67
2898 81.97
2899 124.5
2900 121.89
2901 109.94
2902 86.44
2903 29.28
2904 -60.72
2905 -159.97
2906 -245.0
2907 -302.56
2908 -330.13
2909 -333.06
2910 -321.25
2911 -305.5
2912 -287.44
2913 -255.09
2914 -200.06
2915 -141.78
2916 -110.84
2917 -111.28
2918 -126.47
2919 -147.72
2920 -177.81
2921 -216.22
2922 -254.28
2923 -282.84
2924 -296.22
2925 -295.31
2926 -285.09
2927 -272.25
2928 -259.5
2929 -236.5
2930 -177.13
2931 -74.56
2932 28.5
2933 83.44
2934 91.0
2935 74.94
2936 37.19
2937 -30.37
2938 -115.69
2939 -191.81
2940 -241.88
2941 -264.25
2942 -255.38
2943 -209.31
2944 -138.44
2945 -78.5
2946 -45.5
2947 -13.56
2948 38.31
2949 82.37
2950 84.25
2951 52.56
2952 11.88
2953 -36.31
2954 -102.06
2955 -179.13
2956 -247.19
2957 -291.81
2958 -309.69
2959 -297.38
2960 -241.13
2961 -144.44
2962 -50.5
2963 -2.5
2964 7.94
2965 10.75
2966 6.38
2967 -24.31
2968 -80.31
2969 -144.75
2970 -205.44
2971 -255.13
2972 -290.25
2973 -308.19
2974 -311.19
2975 -303.88
2976 -286.19
2977 -246.06
2978 -177.25
2979 -104.44
2980 -62.94
2981 -55.06
2982 -61.25
2983 -76.44
2984 -107.19
2985 -152.5
2986 -200.81
2987 -240.13
2988 -263.5
2989 -267.75
2990 -255.88
2991 -236.81
2992 -217.81
2993 -186.63
2994 -113.81
2995 2.31
2996 110.75
2997 166.19
2998 183.56
2999 192.06
3000 178.88
3001 120.19
3002 31.25
3003 -51.19
3004 -111.75
3005 -155.69
3006 -178.69
3007 -168.19
3008 -130.5
3009 -93.5
3010 -63.25
3011 -10.63
3012 72.75
3013 142.13
3014 156.69
3015 130.81
3016 95.69
3017 49.44
3018 -25.06
3019 -124.87
3020 -224.94
3021 -298.63
3022 -332.31
3023 -329.81
3024 -304.94
3025 -274.06
3026 -249.5
3027 -235.38
3028 -230.63
3029 -230.19
3030 -230.19
3031 -227.56
3032 -222.25
3033 -215.0
3034 -207.25
3035 -199.75
3036 -193.25
3037 -187.19
3038 -181.63
3039 -176.31
3040 -167.63
3041 -144.94
3042 -103.31
3043 -58.13
3044 -31.81
3045 -25.75
3046 -25.69
3047 -26.69
3048 -36.38
3049 -57.13
3050 -83.75
3051 -109.12
3052 -125.87
3053 -125.69
3054 -106.56
3055 -79.12
3056 -55.34
3057 -20.09
3058 62.56
3059 189.69
3060 301.25
3061 355.5
3062 377.78
3063 393.72
3064 382.88
3065 337.47
3066 301.69
3067 301.84
3068 303.66
3069 282.19
3070 274.78
3071 324.19
3072 404.78
3073 447.34
3074 427.72
3075 385.88
3076 348.94
3077 298.59
3078 232.22
3079 190.72
3080 189.53
3081 187.25
3082 157.41
3083 135.78
3084 154.97
3085 187.5
3086 197.44
3087 201.13
3088 233.84
3089 276.53
3090 266.34
3091 186.44
3092 97.19
3093 48.44
3094 18.03
3095 -30.91
3096 -95.5
3097 -157.25
3098 -216.34
3099 -282.59
3100 -352.25
3101 -411.88
3102 -447.75
3103 -456.78
3104 -442.09
3105 -410.63
3106 -370.16
3107 -333.09
3108 -312.06
3109 -308.34
3110 -313.34
3111 -319.88
3112 -323.0
3113 -322.34
3114 -317.66
3115 -309.81
3116 -300.38
3117 -290.13
3118 -279.88
3119 -270.34
3120 -260.97
3121 -251.16
3122 -235.63
3123 -212.0
3124 -187.25
3125 -171.31
3126 -169.0
3127 -176.97
3128 -186.47
3129 -192.09
3130 -191.22
3131 -184.13
3132 -173.28
3133 -161.91
3134 -152.0
3135 -143.75
3136 -136.95
3137 -131.31
3138 -122.33
3139 -100.42
3140 -60.06
3141 -16.19
3142 6.88
3143 -1.34
3144 -31.77
3145 -66.75
3146 -92.31
3147 -101.37
3148 -95.45
3149 -81.08
3150 -65.19
3151 -52.81
3152 -44.79
3153 -40.95
3154 -38.28
3155 -28.75
3156 7.57
3157 79.94
3158 159.51
3159 205.2
3160 203.32
3161 165.05
3162 108.1
3163 47.29
3164 -2.73
3165 -32.67
3166 -41.7
3167 -34.77
3168 -18.9
3169 3.09
3170 29.37
3171 51.9
3172 64.34
3173 73.16
3174 89.03
3175 107.22
3176 112.12
3177 96.58
3178 66.89
3179 36.0
3180 14.38
3181 6.92
3182 11.31
3183 22.41
3184 34.16
3185 45.77
3186 63.16
3187 91.36
3188 120.66
3189 136.09
3190 135.06
3191 128.03
3192 120.25
3193 108.94
3194 93.22
3195 76.31
3196 62.5
3197 54.41
3198 52.78
3199 56.25
3200 62.19
3201 68.19
3202 81.66
3203 124.44
3204 207.38
3205 296.84
3206 345.56
3207 344.13
3208 311.25
3209 259.84
3210 195.56
3211 127.87
3212 71.87
3213 37.03
3214 26.53
3215 40.38
3216 74.41
3217 112.97
3218 138.75
3219 160.53
3220 213.78
3221 307.72
3222 395.88
3223 430.53
3224 417.19
3225 382.47
3226 328.84
3227 248.47
3228 153.75
3229 71.59
3230 18.66
3231 -3.66
3232 6.94
3233 59.91
3234 148.06
3235 231.47
3236 283.41
3237 323.69
3238 370.16
3239 397.19
3240 384.66
3241 360.81
3242 351.88
3243 333.91
3244 269.53
3245 158.81
3246 37.5
3247 -58.41
3248 -111.16
3249 -110.53
3250 -43.84
3251 77.91
3252 199.31
3253 272.44
3254 308.0
3255 330.53
3256 326.03
3257 278.16
3258 209.31
3259 150.16
3260 100.16
3261 41.97
3262 -27.75
3263 -94.59
3264 -143.5
3265 -167.75
3266 -167.09
3267 -141.25
3268 -93.87
3269 -45.88
3270 -22.53
3271 -33.66
3272 -68.5
3273 -108.22
3274 -136.31
3275 -146.38
3276 -140.31
3277 -125.78
3278 -109.22
3279 -91.37
3280 -71.41
3281 153.0
3282 -87.78
3283 -51.03
3284 46.59
3285 139.66
3286 180.5
3287 192.5
3288 204.84
3289 194.81
3290 5.0
3291 174.0
3292 188.25
3293 179.19
3294 121.75
3295 45.25
3296 -5.44
3297 -33.5
3298 -65.53
3299 -87.78
3300 -51.03
3301 46.59
3302 139.66
3303 180.5
3304 192.5
3305 204.84
3306 194.81
3307 155.59
3308 128.94
3309 138.5
3310 148.97
3311 135.06
3312 127.03
3313 143.53
3314 144.41
3315 84.94
3316 -5.5
3317 -45.03
3318 -2.53
3319 63.84
3320 90.12
3321 81.19
3322 67.75
3323 45.22
3324 2.16
3325 -45.06
3326 -76.59
3327 -102.06
3328 -140.5
3329 -183.84
3330 -208.28
3331 -211.94
3332 -209.05
3333 -193.38
3334 -132.84
3335 -24.06
3336 78.94
3337 129.03
3338 142.09
3339 150.05
3340 140.66
3341 97.09
3342 44.38
3343 12.41
3344 -9.27
3345 -47.26
3346 -100.15
3347 -144.02
3348 -167.49
3349 -177.95
3350 -159.55
3351 -80.79
3352 50.77
3353 169.35
3354 226.84
3355 248.01
3356 260.21
3357 244.0
3358 172.16
3359 72.19
3360 -10.87
3361 -62.93
3362 -97.5
3363 -103.48
3364 -46.65
3365 67.92
3366 173.43
3367 226.21
3368 249.72
3369 269.97
3370 265.51
3371 227.29
3372 198.38
3373 204.71
3374 205.45
3375 155.64
3376 71.04
3377 0.42
3378 -42.28
3379 -74.09
3380 -81.36
3381 -23.53
3382 94.0
3383 199.22
3384 243.67
3385 251.2
3386 254.34
3387 234.45
3388 181.94
3389 136.64
3390 128.73
3391 125.87
3392 81.78
3393 7.3
3394 -51.22
3395 -82.22
3396 -102.67
3397 -100.41
3398 -35.91
3399 85.27
3400 191.06
3401 232.63
3402 237.52
3403 238.06
3404 215.84
3405 158.52
3406 103.45
3407 85.64
3408 78.45
3409 39.08
3410 -21.17
3411 -52.91
3412 -42.06
3413 -21.59
3414 -2.53
3415 45.88
3416 126.78
3417 188.69
3418 198.81
3419 190.03
3420 192.28
3421 178.25
3422 116.84
3423 31.44
3424 -33.72
3425 -75.22
3426 -112.12
3427 -133.38
3428 -98.69
3429 -6.28
3430 86.22
3431 134.16
3432 162.63
3433 190.84
3434 194.47
3435 159.84
3436 129.0
3437 128.66
3438 126.25
3439 75.41
3440 -10.5
3441 -85.12
3442 -132.31
3443 -163.56
3444 -167.72
3445 -106.06
3446 13.75
3447 124.06
3448 172.78
3449 185.25
3450 190.88
3451 173.88
3452 122.06
3453 71.91
3454 54.22
3455 42.97
3456 -0.75
3457 -68.25
3458 -119.47
3459 -144.09
3460 -158.59
3461 -150.56
3462 -81.19
3463 42.63
3464 150.84
3465 195.0
3466 202.97
3467 205.84
3468 183.88
3469 119.87
3470 45.91
3471 2.16
3472 -22.97
3473 -62.66
3474 -109.91
3475 -130.0
3476 -114.66
3477 -92.12
3478 -70.06
3479 -17.91
3480 68.72
3481 139.06
3482 158.47
3483 155.72
3484 161.22
3485 149.09
3486 89.59
3487 5.63
3488 -57.56
3489 -94.69
3490 -124.72
3491 -134.72
3492 -82.06
3493 31.37
3494 135.25
3495 180.66
3496 191.34
3497 197.19
3498 180.44
3499 132.06
3500 92.12
3501 89.25
3502 88.97
3503 41.88
3504 -41.09
3505 -117.72
3506 -168.44
3507 -200.34
3508 -200.47
3509 -134.31
3510 -9.03
3511 104.87
3512 157.78
3513 172.88
3514 181.34
3515 164.94
3516 110.12
3517 51.58
3518 20.56
3519 -1.92
3520 -50.19
3521 -111.05
3522 -149.06
3523 -160.2
3524 -164.97
3525 -153.42
3526 -84.7
3527 37.16
3528 142.39
3529 182.41
3530 187.25
3531 187.3
3532 165.3
3533 101.97
3534 31.98
3535 -10.39
3536 -35.36
3537 -76.37
3538 -123.98
3539 -139.91
3540 -115.14
3541 -86.34
3542 -66.28
3543 -26.14
3544 45.11
3545 102.73
3546 112.78
3547 102.75
3548 103.02
3549 91.3
3550 34.16
3551 -56.23
3552 -137.77
3553 -192.55
3554 -226.28
3555 -227.19
3556 -164.81
3557 -46.45
3558 64.31
3559 119.3
3560 140.02
3561 154.05
3562 146.42
3563 106.08
3564 71.59
3565 68.94
3566 67.77
3567 23.09
3568 -56.67
3569 -130.19
3570 -176.53
3571 -202.92
3572 -195.02
3573 -117.42
3574 17.48
3575 134.91
3576 185.23
3577 194.83
3578 196.3
3579 174.22
3580 116.33
3581 61.67
3582 40.31
3583 27.11
3584 -18.23
3585 -90.92
3586 -153.67
3587 -190.08
3588 -212.09
3589 -207.91
3590 -145.2
3591 -26.83
3592 82.25
3593 135.3
3594 154.36
3595 166.7
3596 153.16
3597 93.97
3598 19.81
3599 -30.68
3600 -62.44
3601 -101.91
3602 -135.26
3603 -123.77
3604 -66.37
3605 -11.5
3606 19.87
3607 57.73
3608 116.46
3609 155.89
3610 149.69
3611 135.03
3612 139.98
3613 131.6
3614 73.05
3615 -15.5
3616 -90.73
3617 -141.51
3618 -181.05
3619 -198.7
3620 -154.92
3621 -49.75
3622 52.95
3623 105.22
3624 126.49
3625 141.78
3626 133.94
3627 88.63
3628 41.98
3629 25.0
3630 11.41
3631 -34.8
3632 -102.59
3633 -151.23
3634 -174.67
3635 -188.36
3636 -181.64
3637 -111.97
3638 12.09
3639 120.77
3640 163.68
3641 168.18
3642 167.86
3643 146.27
3644 97.1
3645 58.62
3646 59.48
3647 60.32
3648 13.89
3649 -65.36
3650 -127.13
3651 -157.31
3652 -176.45
3653 -179.88
3654 -131.25
3655 -28.55
3656 65.21
3657 103.36
3658 109.4
3659 114.11
3660 96.52
3661 34.57
3662 -49.07
3663 -116.94
3664 -162.67
3665 -202.7
3666 -231.1
3667 -221.44
3668 -174.85
3669 -127.65
3670 -96.86
3671 -57.84
3672 5.33
3673 57.68
3674 73.79
3675 79.99
3676 98.87
3677 101.31
3678 48.72
3679 -43.4
3680 -129.67
3681 -188.39
3682 -225.54
3683 -229.32
3684 -166.27
3685 -44.03
3686 69.85
3687 126.93
3688 148.97
3689 162.54
3690 151.46
3691 107.95
3692 71.58
3693 71.03
3694 70.97
3695 24.16
3696 -63.99
3697 -149.06
3698 -206.84
3699 -239.07
3700 -233.45
3701 -157.36
3702 -23.69
3703 95.28
3704 151.13
3705 167.45
3706 176.85
3707 158.64
3708 98.82
3709 30.27
3710 -10.4
3711 -36.7
3712 -80.25
3713 -132.14
3714 -159.78
3715 -163.65
3716 -165.96
3717 -157.48
3718 -98.3
3719 13.36
3720 113.0
3721 154.71
3722 166.26
3723 174.94
3724 157.5
3725 91.95
3726 7.74
3727 -49.96
3728 -84.86
3729 -123.2
3730 -158.15
3731 -153.27
3732 -104.9
3733 -52.97
3734 -26.0
3735 0.98
3736 45.96
3737 79.52
3738 75.52
3739 63.04
3740 67.16
3741 63.48
3742 10.59
3743 -87.08
3744 -189.09
3745 -264.64
3746 -303.97
3747 -292.14
3748 -206.12
3749 -61.61
3750 69.1
3751 134.1
3752 153.99
3753 161.42
3754 145.25
3755 97.22
3756 53.36
3757 41.14
3758 34.52
3759 -8.29
3760 -81.95
3761 -147.93
3762 -190.29
3763 -214.23
3764 -207.67
3765 -138.14
3766 -13.22
3767 99.06
3768 149.3
3769 156.55
3770 154.97
3771 135.13
3772 77.7
3773 6.78
3774 -48.25
3775 -89.5
3776 -134.38
3777 -176.57
3778 -196.6
3779 -195.91
3780 -191.71
3781 -176.01
3782 -112.43
3783 -0.17
3784 103.33
3785 157.11
3786 182.62
3787 203.38
3788 195.66
3789 138.24
3790 59.57
3791 4.36
3792 -30.6
3793 -69.73
3794 -102.25
3795 -87.95
3796 -22.77
3797 42.81
3798 77.55
3799 106.95
3800 149.32
3801 170.53
3802 148.27
3803 115.19
3804 103.39
3805 90.19
3806 35.09
3807 -56.01
3808 -145.26
3809 -209.18
3810 -244.49
3811 -235.94
3812 -155.67
3813 -18.12
3814 106.18
3815 163.83
3816 176.92
3817 178.37
3818 158.53
3819 107.6
3820 56.11
3821 33.59
3822 16.02
3823 -28.39
3824 -93.15
3825 -144.8
3826 -171.45
3827 -185.59
3828 -176.06
3829 -108.86
3830 11.01
3831 119.78
3832 169.28
3833 182.81
3834 189.94
3835 174.22
3836 116.87
3837 48.53
3838 3.55
3839 -28.76
3840 -73.28
3841 -124.88
3842 -155.74
3843 -163.29
3844 -168.0
3845 -161.39
3846 -106.57
3847 -2.23
3848 96.4
3849 142.12
3850 154.65
3851 163.3
3852 149.59
3853 3.2
3854 55.35
3855 73.36
3856 65.84
3857 45.89
3858 23.96
3859 1.31
3860 -21.53
3861 -41.6
3862 -39.75
3863 -74.8
3864 -89.34
3865 -85.77
3866 -72.2
3867 -57.32
3868 -43.35
3869 -21.24
3870 16.2
3871 55.35
3872 73.36
3873 65.84
3874 45.89
3875 23.96
3876 1.31
3877 -21.53
3878 -41.6
3879 -39.75
3880 -74.8
3881 -89.34
3882 -85.77
3883 -72.2
3884 -57.32
3885 -43.35
3886 -21.24
3887 16.2
3888 55.35
3889 73.36
3890 65.84
3891 45.89
3892 23.96
3893 1.31
3894 -21.53
3895 -41.6
3896 -55.35
3897 -61.41
3898 -60.71
3899 -55.99
3900 -50.14
3901 -45.21
3902 -42.1
3903 -40.48
3904 -39.65
3905 -38.98
3906 -38.12
3907 -36.83
3908 -35.2
3909 -33.51
3910 -31.68
3911 -29.77
3912 -27.96
3913 -26.23
3914 -24.79
3915 -23.65
3916 -22.45
3917 -21.13
3918 -19.91
3919 -11.48
3920 26.31
3921 105.31
3922 191.92
3923 230.49
3924 198.15
3925 115.94
3926 23.22
3927 -47.16
3928 -80.96
3929 -81.49
3930 -62.7
3931 -39.66
3932 -22.95
3933 -16.01
3934 -17.2
3935 -22.18
3936 -23.62
3937 -8.7
3938 28.49
3939 71.28
3940 92.13
3941 78.44
3942 39.3
3943 -5.77
3944 -39.65
3945 -54.68
3946 -52.57
3947 -40.78
3948 -27.47
3949 -13.62
3950 12.61
3951 59.66
3952 109.46
3953 134.78
3954 137.14
3955 137.14
3956 136.65
3957 119.18
3958 77.16
3959 21.29
3960 -30.23
3961 -63.39
3962 -74.28
3963 -68.02
3964 -53.68
3965 -39.62
3966 -25.75
3967 3.21
3968 57.67
3969 116.3
3970 143.41
3971 130.16
3972 94.92
3973 55.45
3974 17.75
3975 -15.71
3976 -41.46
3977 -56.97
3978 -62.2
3979 -59.8
3980 -53.53
3981 -47.04
3982 -42.36
3983 -32.52
3984 6.51
3985 88.49
3986 178.99
3987 223.55
3988 206.63
3989 153.56
3990 90.73
3991 30.02
3992 -22.17
3993 -60.06
3994 -80.76
3995 -85.89
3996 -80.61
3997 -70.61
3998 -60.7
3999 -53.89
4000 -44.99
4001 -13.44
4002 53.07
4003 134.16
4004 212.73
4005 303.46
4006 400.88
4007 446.29
4008 385.62
4009 228.38
4010 35.76
4011 -124.13
4012 -211.99
4013 -226.01
4014 -190.83
4015 -139.76
4016 -98.45
4017 -78.03
4018 -75.6
4019 -81.62
4020 -88.47
4021 -93.1
4022 -95.45
