0 25.0
1 -108.12
2 -106.75
3 -105.87
4 -104.75
5 0
6 -119.25
7 -117.87
8 -117.12
9 -115.75
10 -114.75
11 -113.75
12 -112.75
13 -111.37
14 -110.37
15 -109.25
16 -108.12
17 -106.75
18 -105.87
19 -104.75
20 0
21 53.61
22 181.97
23 400.68
24 658.66
25 878.95
26 1006.18
27 1028.99
28 974.02
29 884.49
30 798.74
31 737.96
32 704.99
33 690.61
34 682.05
35 669.43
36 648.7
37 620.76
38 589.28
39 558.09
40 529.57
41 504.26
42 481.38
43 459.64
44 437.98
45 416.0
46 393.59
47 363.72
48 295.66
49 146.02
50 -93.36
51 -371.41
52 -611.25
53 -757.66
54 -799.47
55 -763.22
56 -692.13
57 -624.31
58 -573.53
59 -511.56
60 -385.56
61 -174.69
62 79.91
63 305.19
64 445.03
65 484.38
66 445.91
67 370.63
68 296.31
69 244.91
70 220.34
71 214.25
72 215.19
73 212.69
74 202.19
75 184.69
76 163.06
77 141.69
78 122.37
79 106.19
80 92.44
81 79.62
82 67.12
83 54.06
84 40.56
85 26.69
86 13.0
87 0.12
88 -12.38
89 -24.19
90 -35.81
91 -46.88
92 -57.69
93 -68.31
94 -78.81
95 -89.44
96 -99.44
97 -109.25
98 -118.56
99 -127.62
100 -136.69
101 -145.25
102 -153.56
103 -161.75
104 -169.56
105 -177.06
106 -184.5
107 -191.88
108 -198.63
109 -205.38
110 -211.63
111 -218.13
112 -223.75
113 -229.88
114 -235.25
115 -240.75
116 -245.75
117 -250.88
118 -255.38
119 -259.63
120 -264.0
121 -268.13
122 -272.13
123 -275.88
124 -279.63
125 -282.75
126 -286.0
127 -289.38
128 -292.13
129 -295.0
130 -297.0
131 -299.63
132 -301.63
133 -303.5
134 -305.38
135 -307.13
136 -308.88
137 -310.13
138 -311.5
139 -312.63
140 -313.75
141 -314.63
142 -315.38
143 -315.75
144 -316.0
145 -316.88
146 -316.63
147 -316.75
148 -316.63
149 -316.5
150 -316.38
151 -315.88
152 -315.25
153 -314.5
154 -313.88
155 -312.88
156 -311.75
157 -310.88
158 -309.75
159 -308.13
160 -307.13
161 -306.0
162 -304.13
163 -302.75
164 -300.63
165 -299.38
166 -297.0
167 -295.0
168 -293.38
169 -291.0
170 -289.25
171 -286.38
172 -284.13
173 -282.13
174 -279.63
175 -276.75
176 -274.63
177 -271.75
178 -269.0
179 -266.38
180 -263.25
181 -260.5
182 -257.5
183 -254.38
184 -251.5
185 -249.0
186 -245.88
187 -242.5
188 -239.25
189 -236.0
190 -232.75
191 -229.38
192 -225.88
193 -222.75
194 -219.25
195 -215.63
196 -212.13
197 -208.75
198 -205.38
199 -201.63
200 -198.0
201 -195.0
202 -191.0
203 -187.0
204 -183.25
205 -180.06
206 -176.0
207 -171.69
208 -167.69
209 -164.44
210 -161.31
211 -157.75
212 -154.06
213 -151.0
214 -147.38
215 -142.75
216 -138.69
217 -134.06
218 -130.63
219 -126.5
220 -124.06
221 -120.56
222 -116.56
223 -112.56
224 -109.19
225 -103.75
226 -99.81
227 -96.44
228 -93.12
229 -88.62
230 -92.94
231 -135.0
232 -259.19
233 -474.75
234 -729.25
235 -945.88
236 -1069.25
237 -1088.44
238 -1030.28
239 -936.47
240 -846.88
241 -782.94
242 -746.56
243 -727.34
244 -716.19
245 -700.03
246 -676.44
247 -644.41
248 -609.09
249 -574.53
250 -542.66
251 -514.05
252 -487.58
253 -462.79
254 -437.67
255 -412.7
256 -386.9
257 -361.28
258 -335.83
259 -312.07
260 -288.47
261 -264.53
262 -241.8
263 -218.72
264 -196.88
265 -175.13
266 -154.03
267 -132.69
268 -112.94
269 -92.91
270 -73.03
271 -53.84
272 -34.75
273 -17.0
274 1.31
275 19.37
276 36.13
277 53.38
278 69.94
279 85.81
280 102.12
281 117.69
282 132.56
283 147.31
284 164.81
285 200.88
286 283.0
287 411.5
288 530.75
289 570.38
290 518.0
291 404.25
292 287.0
293 204.88
294 177.0
295 192.63
296 232.13
297 275.5
298 306.63
299 322.0
300 326.75
301 326.0
302 326.38
303 331.0
304 339.88
305 351.5
306 363.0
307 373.38
308 381.75
309 389.63
310 395.75
311 401.5
312 407.88
313 414.63
314 421.0
315 427.63
316 432.88
317 438.38
318 443.88
319 448.88
320 453.88
321 458.75
322 462.75
323 467.5
324 471.0
325 474.5
326 478.5
327 481.5
328 484.5
329 487.75
330 490.75
331 493.25
332 495.25
333 497.75
334 499.5
335 501.25
336 502.75
337 504.0
338 505.75
339 507.0
340 508.0
341 508.0
342 508.75
343 509.25
344 509.25
345 509.5
346 509.75
347 509.25
348 509.0
349 508.25
350 508.25
351 506.75
352 506.0
353 504.75
354 503.75
355 502.5
356 500.5
357 499.25
358 497.75
359 496.0
360 494.0
361 491.5
362 490.0
363 487.0
364 485.0
365 482.25
366 480.25
367 476.75
368 474.5
369 471.5
370 468.25
371 465.75
372 462.75
373 459.25
374 455.75
375 451.75
376 448.5
377 445.25
378 441.75
379 437.75
380 434.25
381 430.25
382 425.75
383 421.75
384 418.0
385 413.75
386 409.75
387 405.5
388 401.0
389 396.25
390 392.0
391 387.5
392 382.75
393 378.25
394 374.0
395 369.5
396 365.0
397 359.25
398 354.5
399 350.0
400 345.0
401 340.0
402 335.0
403 330.25
404 325.5
405 320.0
406 314.75
407 310.0
408 305.0
409 299.75
410 294.25
411 289.25
412 284.25
413 279.0
414 273.25
415 268.5
416 263.25
417 258.25
418 252.5
419 247.25
420 241.88
421 236.5
422 231.25
423 226.0
424 220.75
425 215.13
426 209.75
427 204.63
428 199.25
429 194.13
430 188.88
431 183.25
432 178.25
433 173.13
434 167.38
435 162.25
436 157.13
437 152.0
438 146.5
439 141.5
440 136.0
441 131.38
442 126.12
443 123.87
444 139.0
445 208.25
446 362.13
447 589.13
448 828.88
449 1012.5
450 1099.25
451 1090.38
452 1018.88
453 925.63
454 843.88
455 787.88
456 756.0
457 738.63
458 723.63
459 703.5
460 675.63
461 641.63
462 605.75
463 571.06
464 539.19
465 510.38
466 483.5
467 457.25
468 431.06
469 404.69
470 377.88
471 351.25
472 325.06
473 299.81
474 274.97
475 250.84
476 227.28
477 203.69
478 181.13
479 158.44
480 136.22
481 114.42
482 93.05
483 72.73
484 52.09
485 32.13
486 12.85
487 -6.39
488 -25.59
489 -43.94
490 -62.16
491 -79.81
492 -97.0
493 -113.84
494 -130.47
495 -146.44
496 -162.28
497 -177.72
498 -192.94
499 -207.69
500 -222.13
501 -236.19
502 -249.75
503 -263.13
504 -276.19
505 -288.88
506 -301.19
507 -313.31
508 -324.88
509 -336.44
510 -347.63
511 -358.25
512 -368.75
513 -379.13
514 -388.75
515 -398.5
516 -407.63
517 -416.75
518 -425.25
519 -434.13
520 -441.88
521 -450.13
522 -457.63
523 -465.0
524 -472.0
525 -478.75
526 -485.38
527 -491.63
528 -497.75
529 -503.88
530 -509.0
531 -514.38
532 -519.75
533 -523.88
534 -529.0
535 -533.13
536 -537.38
537 -541.5
