0 0.0
1 499.5
2 497.25
3 495.25
4 493.25
5 491.5
6 489.0
7 487.0
8 484.5
9 509.25
10 508.25
11 506.75
12 506.25
13 504.5
14 504.25
15 502.25
16 500.5
17 499.5
18 497.25
19 495.25
20 493.25
21 491.5
22 489.0
23 487.0
24 484.5
25 0.0
26 0.0
27 0.0
28 0.0
29 0.0
30 0.0
31 0.0
32 0.0
33 0.01
34 7.56
35 53.69
36 182.01
37 400.59
38 658.41
39 878.6
40 1005.82
41 1028.67
42 973.75
43 884.29
44 798.64
45 737.95
46 705.04
47 690.7
48 682.14
49 669.53
50 648.75
51 620.79
52 589.33
53 558.15
54 529.57
55 504.26
56 481.39
57 459.73
58 438.2
59 416.23
60 393.86
61 371.5
62 349.44
63 328.03
64 307.3
65 287.19
66 267.53
67 248.19
68 229.38
69 210.75
70 192.38
71 174.41
72 156.72
73 139.47
74 122.81
75 106.56
76 90.62
77 74.94
78 59.44
79 44.56
80 30.12
81 15.69
82 1.88
83 -11.75
84 -25.12
85 -38.0
86 -52.63
87 -81.81
88 -159.94
89 -322.0
90 -561.38
91 -821.44
92 -1029.88
93 -1142.06
94 -1156.19
95 -1102.94
96 -1023.81
97 -953.56
98 -908.81
99 -889.19
100 -884.81
101 -883.44
102 -876.94
103 -862.44
104 -841.0
105 -817.0
106 -793.38
107 -772.56
108 -754.25
109 -738.06
110 -722.44
111 -706.56
112 -690.38
113 -673.31
114 -656.25
115 -639.13
116 -622.75
117 -606.81
118 -591.06
119 -575.81
120 -560.38
121 -545.25
122 -530.31
123 -515.56
124 -501.0
125 -486.44
126 -472.5
127 -458.38
128 -444.56
129 -430.75
130 -417.31
131 -403.94
132 -390.88
133 -378.06
134 -365.25
135 -353.0
136 -340.38
137 -328.19
138 -316.06
139 -304.25
140 -292.56
141 -281.13
142 -269.75
143 -258.69
144 -247.63
145 -236.63
146 -226.06
147 -215.63
148 -205.13
149 -195.13
150 -184.81
151 -175.06
152 -165.25
153 -155.81
154 -146.31
155 -137.03
156 -128.16
157 -119.03
158 -110.34
159 -101.66
160 -93.16
161 -84.81
162 -76.59
163 -68.41
164 -60.5
165 -52.69
166 -45.16
167 -37.5
168 -30.16
169 -23.0
170 -15.92
171 -8.91
172 -2.09
173 4.45
174 11.03
175 17.55
176 23.87
177 30.03
178 36.13
179 42.02
180 47.87
181 53.52
182 59.12
183 64.53
184 70.01
185 75.18
186 80.15
187 85.08
188 90.08
189 94.62
190 99.38
191 103.97
192 108.36
193 112.55
194 116.81
195 120.92
196 124.97
197 128.81
198 132.59
199 136.25
200 139.91
201 143.22
202 146.53
203 149.94
204 153.03
205 156.25
206 159.25
207 161.91
208 164.84
209 167.56
210 170.13
211 172.69
212 175.19
213 177.34
214 179.56
215 181.84
216 183.88
217 186.0
218 187.81
219 189.75
220 191.63
221 193.25
222 194.69
223 196.19
224 197.75
225 199.31
226 200.56
227 201.75
228 203.06
229 204.06
230 205.13
231 206.0
232 206.81
233 207.56
234 208.5
235 209.25
236 209.81
237 210.25
238 210.88
239 211.13
240 211.69
241 213.06
242 227.0
243 286.19
244 429.0
245 653.94
246 906.06
247 1111.38
248 1221.88
249 1232.25
250 1171.69
251 1082.63
252 1000.44
253 944.0
254 913.75
255 899.75
256 890.25
257 875.69
258 853.13
259 824.06
260 791.94
261 760.44
262 731.56
263 706.0
264 682.5
265 660.06
266 637.25
267 614.31
268 591.25
269 568.0
270 544.75
271 522.38
272 500.69
273 479.25
274 458.56
275 438.25
276 418.19
277 398.31
278 379.0
279 359.38
280 340.56
281 322.38
282 304.13
283 286.44
284 268.94
285 251.69
286 234.94
287 218.44
288 202.41
289 186.56
290 171.03
291 155.59
292 140.81
293 126.16
294 112.09
295 98.14
296 84.41
297 71.06
298 57.97
299 44.95
300 32.31
301 12.53
302 -45.83
303 -185.77
304 -415.77
305 -684.74
306 -916.27
307 -1053.93
308 -1087.16
309 -1042.19
310 -962.6
311 -886.81
312 -835.35
313 -811.59
314 -806.2
315 -806.11
316 -802.14
317 -789.72
318 -769.77
319 -746.03
320 -722.52
321 -701.38
322 -683.17
323 -667.17
324 -652.33
325 -637.39
326 -621.73
327 -605.67
328 -588.89
329 -572.66
330 -556.5
331 -541.41
332 -526.63
333 -511.88
334 -497.2
335 -483.09
336 -469.03
337 -454.78
338 -441.09
339 -427.42
340 -413.86
341 -400.84
342 -387.64
343 -375.27
344 -362.42
345 -350.38
346 -337.92
347 -326.27
348 -314.17
349 -302.64
350 -291.17
351 -280.23
352 -268.88
353 -258.08
354 -247.59
355 -237.17
356 -226.56
357 -216.75
358 -206.5
359 -196.81
360 -186.93
361 -177.63
362 -168.62
363 -159.17
364 -150.28
365 -141.2
366 -132.93
367 -124.21
368 -116.06
369 -107.97
370 -99.93
371 -91.95
372 -84.53
373 -76.79
374 -69.48
375 -62.11
376 -55.04
377 -48.03
378 -41.2
379 -34.56
380 -28.09
381 -21.67
382 -15.44
383 -9.39
384 -3.27
385 2.42
386 8.45
387 14.03
388 19.44
389 24.78
390 30.09
391 35.22
392 40.03
393 44.83
394 49.66
395 54.34
396 58.83
397 63.27
398 67.53
399 71.62
400 75.69
401 79.69
402 83.37
403 87.16
404 90.66
405 94.41
406 97.59
407 101.06
408 104.25
409 107.22
410 110.31
411 113.34
412 115.94
413 118.75
414 121.31
415 123.91
416 126.5
417 128.81
418 131.03
419 133.09
420 135.38
421 137.38
422 139.31
423 141.13
424 142.75
425 144.56
426 146.31
427 147.75
428 149.13
429 150.5
430 151.75
431 153.13
432 154.19
433 155.25
434 156.25
435 157.38
436 158.13
437 159.06
438 159.75
439 160.44
440 161.0
441 161.44
442 162.06
443 162.63
444 162.81
445 163.25
446 163.44
447 163.5
448 163.88
449 163.88
450 163.94
451 163.94
452 163.94
453 163.81
454 163.56
455 163.44
456 163.19
457 162.69
458 162.56
459 162.13
460 161.56
461 161.0
462 160.69
463 159.94
464 159.5
465 158.81
466 158.19
467 157.38
468 156.69
469 155.75
470 155.06
471 154.0
472 153.19
473 152.13
474 151.38
475 150.31
476 149.38
477 148.06
478 147.0
479 145.88
480 144.88
481 143.69
482 142.5
483 141.06
484 140.06
485 138.75
486 137.44
487 136.06
488 134.75
489 133.5
490 131.94
491 130.5
492 129.13
493 127.69
494 126.31
495 124.69
496 123.25
497 121.81
498 120.31
499 118.62
500 117.12
501 115.5
502 113.94
503 112.31
504 110.87
505 109.19
506 107.62
507 105.81
508 104.12
509 102.5
510 100.87
511 99.0
512 97.5
513 95.81
514 94.06
515 92.44
516 90.69
517 88.87
518 87.31
519 85.5
520 83.75
521 82.06
522 80.25
523 78.56
524 76.69
525 75.12
526 73.31
527 71.62
528 69.91
529 68.09
530 66.34
531 64.69
532 62.91
533 61.19
534 59.38
535 57.69
536 55.84
537 54.25
538 52.5
539 50.75
540 49.0
541 47.31
542 45.66
543 43.84
544 42.28
545 40.56
546 38.84
547 37.13
548 35.5
549 33.78
550 32.16
551 30.5
552 28.84
553 27.25
554 25.59
555 24.09
556 22.37
557 20.78
558 19.19
559 17.59
560 16.0
561 14.5
562 12.91
563 11.41
564 9.88
565 8.31
566 6.83
567 5.34
568 3.84
569 2.38
570 0.94
571 -0.55
572 -1.98
573 -3.38
574 -4.77
575 -6.2
576 -7.61
577 -8.95
578 -10.34
579 -11.66
580 -13.01
581 -14.28
582 -15.61
583 -16.9
584 -18.2
585 -19.42
586 -20.69
587 -21.95
588 -23.12
589 -24.36
590 -25.57
591 -26.74
592 -27.92
593 -29.02
594 -30.15
595 -31.29
596 -32.35
597 -33.46
598 -34.52
599 -35.63
600 -36.63
601 -37.68
602 -38.68
603 -39.63
604 -40.61
605 -41.59
606 -42.54
607 -43.5
608 -44.41
609 -45.3
610 -46.19
611 -47.04
612 -47.92
613 -48.77
614 -49.56
615 -50.36
616 -51.16
617 -51.92
618 -52.69
619 -53.45
620 -54.13
621 -54.86
622 -55.56
623 -56.3
624 -56.94
625 -57.59
626 -58.17
627 -58.81
628 -59.39
629 -60.02
630 -60.58
631 -61.13
632 -61.67
633 -62.17
634 -62.7
635 -63.23
636 -63.64
637 -64.19
638 -64.56
639 -65.0
640 -65.41
641 -65.87
642 -66.28
643 -66.62
644 -66.94
645 -67.31
646 -67.66
647 -67.94
648 -68.31
649 -68.59
650 -68.84
651 -69.09
652 -69.31
653 -69.59
654 -69.81
655 -70.03
656 -70.16
657 -70.34
658 -70.5
659 -70.66
660 -70.78
661 -70.97
662 -71.06
663 -71.12
664 -71.22
665 -71.25
666 -71.34
667 -71.37
668 -71.44
669 -71.37
670 -71.5
671 -71.47
672 -71.44
673 -71.37
674 -71.37
675 -71.31
676 -71.28
677 -71.19
678 -71.09
679 -71.0
680 -70.94
681 -70.72
682 -70.66
683 -70.53
684 -70.37
685 -70.19
686 -70.06
687 -69.87
688 -69.59
689 -69.47
690 -69.22
691 -69.03
692 -68.78
693 -68.5
694 -68.34
695 -68.03
696 -67.75
697 -67.44
698 -67.22
699 -66.91
700 -66.62
701 -66.31
702 -65.94
703 -65.62
704 -65.31
705 -64.94
706 -64.62
707 -64.25
708 -63.88
709 -63.44
710 -63.16
711 -62.69
712 -62.31
713 -61.88
714 -61.47
715 -61.03
716 -60.69
717 -60.19
718 -59.81
719 -59.38
720 -58.91
721 -58.47
722 -57.97
723 -57.5
724 -57.03
725 -56.56
726 -56.09
727 -55.59
728 -55.09
729 -54.59
730 -54.03
731 -53.56
732 -53.06
733 -52.56
734 -52.03
735 -51.5
736 -51.0
737 -50.47
738 -49.94
739 -49.34
740 -48.81
741 -48.31
742 -47.69
743 -47.19
744 -46.63
745 -46.03
746 -45.53
747 -44.91
748 -44.34
749 -43.84
750 -43.22
751 -42.69
752 -42.03
753 -41.47
754 -40.88
755 -40.31
756 -39.72
757 -39.09
758 -38.59
759 -37.94
760 -37.38
761 -36.75
762 -36.22
763 -35.63
764 -35.0
765 -34.44
766 -33.81
767 -33.22
768 -32.66
769 -32.03
770 -31.41
771 -30.81
772 -30.25
773 -29.69
774 -29.06
775 -28.44
776 -27.81
777 -27.28
778 -26.66
779 -26.06
780 -25.5
781 -24.84
782 -24.28
783 -23.66
784 -23.12
785 -22.56
786 -21.94
787 -21.34
788 -20.78
789 -20.22
790 -19.56
791 -19.0
792 -18.44
793 -17.84
794 -17.28
795 -16.72
796 -16.16
797 -15.59
798 -15.03
799 -14.44
800 -13.91
801 -13.31
802 -12.75
803 -12.16
804 -11.63
805 -11.09
806 -10.53
807 -10.0
808 -9.53
809 -8.88
810 -8.38
811 -7.84
812 -7.38
813 -6.84
814 -6.28
815 -5.78
816 -5.25
817 -4.75
818 -4.23
819 -3.75
820 -3.22
821 -2.77
822 -2.23
823 -1.75
824 -1.17
825 -0.5
826 7.77
827 54.5
828 183.27
829 402.13
830 660.19
831 880.67
832 1008.23
833 1031.58
834 977.19
835 888.27
836 803.06
837 742.72
838 710.14
839 696.17
840 687.98
841 675.78
842 655.47
843 627.95
844 596.88
845 566.09
846 538.0
847 513.0
848 490.56
849 469.31
850 448.03
851 426.5
852 404.56
853 382.5
854 360.69
855 339.5
856 319.06
857 299.34
858 280.16
859 261.25
860 242.75
861 224.41
862 206.44
863 188.69
864 171.44
865 154.59
866 137.81
867 114.12
868 52.0
869 -91.75
870 -325.5
871 -597.63
872 -831.75
873 -972.88
874 -1009.0
875 -967.38
876 -891.13
877 -818.13
878 -769.75
879 -749.06
880 -746.31
881 -749.31
882 -747.81
883 -738.13
884 -720.56
885 -699.38
886 -678.25
887 -659.31
888 -643.69
889 -629.94
890 -617.19
891 -604.31
892 -590.69
893 -576.63
894 -562.0
895 -547.75
896 -533.56
897 -519.88
898 -506.69
899 -493.44
900 -480.88
901 -468.06
902 -455.44
903 -442.81
904 -430.44
905 -418.38
906 -406.44
907 -394.38
908 -382.75
909 -371.19
910 -359.81
911 -348.44
912 -337.25
913 -326.25
914 -315.56
915 -304.75
916 -294.56
917 -284.13
918 -273.94
919 -263.81
920 -253.94
921 -244.13
922 -234.44
923 -225.06
924 -215.63
925 -206.44
926 -197.19
927 -188.25
928 -179.56
929 -170.88
930 -162.38
931 -153.91
932 -145.44
933 -137.38
934 -129.56
935 -121.56
936 -113.78
937 -106.09
938 -98.62
939 -91.25
940 -83.91
941 -76.87
942 -69.62
943 -62.84
944 -56.13
945 -49.44
946 -42.92
947 -36.45
948 -30.31
949 -24.08
950 -17.92
951 -11.92
952 -6.09
953 -0.34
954 5.38
955 10.66
956 16.27
957 21.32
958 26.7
959 31.65
960 36.8
961 41.78
962 46.33
963 50.95
964 55.65
965 60.3
966 64.52
967 68.82
968 73.08
969 77.02
970 81.19
971 85.16
972 88.83
973 92.56
974 96.16
975 99.83
976 103.28
977 106.5
978 109.64
979 112.98
980 116.06
981 119.19
982 122.0
983 124.78
984 127.62
985 130.22
986 132.88
987 135.25
988 137.78
989 140.19
990 142.41
991 144.63
992 146.78
993 148.91
994 150.81
995 152.69
996 154.66
997 156.38
998 158.06
999 159.75
1000 161.31
1001 162.81
1002 164.25
1003 165.56
1004 166.88
1005 168.19
1006 169.38
1007 170.38
1008 171.44
1009 172.38
1010 173.44
1011 174.19
1012 175.13
1013 175.75
1014 176.56
1015 177.13
1016 177.63
1017 178.25
1018 178.69
1019 179.19
1020 179.5
1021 180.0
1022 180.13
1023 180.38
1024 180.56
1025 180.5
1026 180.69
1027 180.69
1028 180.69
1029 180.75
1030 180.56
1031 180.38
1032 180.25
1033 180.0
1034 179.81
1035 179.31
1036 179.0
1037 178.63
1038 178.06
1039 177.63
1040 177.13
1041 176.56
1042 176.06
1043 175.5
1044 174.81
1045 174.06
1046 173.31
1047 172.5
1048 171.81
1049 171.06
1050 170.13
1051 169.25
1052 168.31
1053 167.31
1054 166.19
1055 165.38
1056 164.31
1057 163.38
1058 162.19
1059 161.25
1060 160.06
1061 158.81
1062 157.69
1063 156.5
1064 155.25
1065 153.88
1066 152.75
1067 151.5
1068 150.13
1069 148.75
1070 147.56
1071 150.06
1072 169.5
1073 212.38
1074 259.75
1075 288.25
1076 307.56
1077 341.0
1078 382.31
1079 423.31
1080 490.94
1081 613.94
1082 776.88
1083 931.63
1084 1032.81
1085 1061.75
1086 1029.06
1087 962.0
1088 889.63
1089 831.25
1090 792.44
1091 769.44
1092 753.75
1093 737.31
1094 715.81
1095 689.19
1096 659.06
1097 628.44
1098 599.38
1099 572.69
1100 548.06
1101 524.56
1102 501.44
1103 478.38
1104 455.34
1105 432.13
1106 409.34
1107 387.0
1108 364.97
1109 343.59
1110 322.69
1111 302.28
1112 282.13
1113 262.41
1114 243.13
1115 224.13
1116 205.56
1117 187.25
1118 169.33
1119 151.92
1120 134.8
1121 118.05
1122 101.67
1123 85.43
1124 69.64
1125 54.11
1126 38.96
1127 24.08
1128 9.58
1129 -4.55
1130 -18.42
1131 -31.66
1132 -44.91
1133 -58.02
1134 -70.47
1135 -82.69
1136 -94.72
1137 -106.56
1138 -117.97
1139 -129.03
1140 -139.66
1141 -150.41
1142 -160.56
1143 -170.56
1144 -180.41
1145 -189.75
1146 -199.0
1147 -208.13
1148 -216.69
1149 -225.13
1150 -233.44
1151 -241.19
1152 -248.81
1153 -256.38
1154 -263.56
1155 -270.5
1156 -277.38
1157 -283.81
1158 -290.19
1159 -296.13
1160 -301.94
1161 -307.5
1162 -312.94
1163 -318.25
1164 -323.38
1165 -327.88
1166 -332.56
1167 -337.25
1168 -341.13
1169 -344.88
1170 -349.13
1171 -352.88
1172 -356.0
1173 -359.63
1174 -362.63
1175 -365.75
1176 -368.0
1177 -370.75
1178 -373.0
1179 -375.38
1180 -377.5
1181 -379.25
1182 -381.13
1183 -382.88
1184 -384.0
1185 -385.63
1186 -386.25
1187 -387.5
1188 -388.38
1189 -389.38
1190 -389.63
1191 -390.0
1192 -390.38
1193 -390.63
1194 -390.88
1195 -390.5
1196 -390.38
1197 -390.38
1198 -389.88
1199 -389.25
1200 -388.13
1201 -387.63
1202 -386.63
1203 -385.88
1204 -384.5
1205 -383.63
1206 -382.0
1207 -380.63
1208 -379.5
1209 -377.75
1210 -375.88
1211 -374.13
1212 -372.5
1213 -370.13
1214 -368.63
1215 -366.25
1216 -364.25
1217 -361.63
1218 -359.5
1219 -357.25
1220 -354.5
1221 -351.75
1222 -349.25
1223 -346.25
1224 -343.88
1225 -341.0
1226 -337.88
1227 -335.25
1228 -331.88
1229 -328.88
1230 -325.88
1231 -323.13
1232 -319.63
1233 -315.75
1234 -312.88
1235 -309.13
1236 -305.88
1237 -302.38
1238 -298.75
1239 -295.25
1240 -292.0
1241 -288.13
1242 -284.63
1243 -280.63
1244 -277.13
1245 -273.0
1246 -268.63
1247 -264.75
1248 -261.0
1249 -257.5
1250 -253.63
1251 -249.88
1252 -245.88
1253 -241.75
1254 -237.38
1255 -233.38
1256 -229.5
1257 -226.13
1258 -221.75
1259 -217.5
1260 -213.5
1261 -209.75
1262 -205.5
1263 -201.13
1264 -196.63
1265 -192.88
1266 -189.0
1267 -184.63
1268 -180.0
1269 -175.63
1270 -172.0
1271 -167.5
1272 -163.88
1273 -159.13
1274 -157.0
1275 -152.31
1276 -148.06
1277 -143.38
1278 -139.13
1279 -134.56
1280 -130.44
1281 -126.25
1282 -122.81
1283 -118.69
1284 -114.62
1285 -110.12
1286 -106.06
1287 -102.12
1288 -98.12
1289 -94.19
1290 -90.19
1291 -86.25
1292 -81.94
1293 -77.62
1294 -74.19
1295 -70.0
1296 -66.19
1297 -62.44
1298 -58.75
1299 -54.5
1300 -51.31
1301 -47.63
1302 -44.0
1303 -40.0
1304 -35.88
1305 -32.81
1306 -29.81
1307 -25.84
1308 -22.84
1309 -18.97
1310 -15.53
1311 -11.16
1312 -7.84
1313 -4.03
1314 -0.78
1315 3.0
1316 7.16
1317 9.34
1318 13.5
1319 16.59
1320 19.69
1321 23.22
1322 26.22
1323 29.22
1324 31.67
1325 35.08
1326 37.95
1327 40.8
1328 44.13
1329 47.91
1330 50.63
1331 53.34
1332 56.52
1333 59.15
1334 62.25
1335 65.32
1336 67.84
1337 70.34
1338 72.3
1339 75.23
1340 78.12
1341 80.98
1342 83.3
1343 85.58
1344 87.83
1345 90.55
1346 92.7
1347 95.36
1348 96.97
1349 100.02
1350 101.59
1351 104.06
1352 105.56
1353 108.47
1354 109.84
1355 112.69
1356 114.06
1357 115.81
1358 118.06
1359 119.78
1360 122.0
1361 124.16
1362 125.25
1363 126.84
1364 128.38
1365 129.84
1366 131.84
1367 133.28
1368 134.63
1369 136.06
1370 137.81
1371 139.25
1372 140.5
1373 142.19
1374 143.44
1375 144.56
1376 146.25
1377 147.25
1378 148.88
1379 149.44
1380 150.88
1381 151.38
1382 152.31
1383 153.63
1384 154.56
1385 154.94
1386 156.19
1387 157.5
1388 158.19
1389 158.38
1390 159.13
1391 160.81
1392 160.94
1393 161.38
1394 162.5
1395 163.0
1396 163.56
1397 163.56
1398 163.94
1399 165.31
1400 165.19
1401 165.56
1402 165.88
1403 165.63
1404 166.44
1405 167.25
1406 166.94
1407 167.06
1408 167.69
1409 166.88
1410 167.56
1411 167.0
1412 168.13
1413 167.63
1414 168.19
1415 167.13
1416 167.5
1417 167.5
1418 167.31
1419 167.25
1420 166.5
1421 167.5
1422 166.75
1423 166.13
1424 165.25
1425 164.5
1426 164.13
1427 164.0
1428 163.13
1429 163.25
1430 162.38
1431 162.63
1432 161.75
1433 161.75
1434 160.75
1435 160.38
1436 160.25
1437 159.25
1438 158.88
1439 158.25
1440 157.75
1441 157.13
1442 157.0
1443 156.88
1444 155.75
1445 155.25
1446 154.38
1447 152.75
1448 152.5
1449 151.38
1450 150.13
1451 149.25
1452 149.13
1453 147.75
1454 146.5
1455 145.63
1456 144.75
1457 143.63
1458 142.63
1459 141.88
1460 141.5
1461 140.13
1462 139.38
1463 137.5
1464 136.25
1465 135.38
1466 134.5
1467 133.13
1468 132.13
1469 130.75
1470 130.25
1471 128.13
1472 127.75
1473 126.75
1474 125.25
1475 123.62
1476 122.62
1477 121.25
1478 120.0
1479 118.62
1480 117.12
1481 116.37
1482 115.0
1483 114.0
1484 112.25
1485 111.25
1486 109.5
1487 109.12
1488 106.87
1489 106.5
1490 104.25
1491 102.75
1492 101.0
1493 99.87
1494 98.37
1495 97.12
1496 96.5
1497 94.62
1498 92.87
1499 92.19
1500 90.69
1501 89.0
1502 87.94
1503 86.25
1504 85.19
1505 83.5
1506 82.44
1507 81.25
1508 79.12
1509 78.0
1510 76.44
1511 75.81
1512 74.19
1513 72.56
1514 70.44
1515 69.31
1516 68.19
1517 67.12
1518 65.5
1519 63.94
1520 62.81
1521 61.25
1522 60.13
1523 58.0
1524 56.38
1525 55.25
1526 54.19
1527 52.63
1528 51.06
1529 50.06
1530 48.44
1531 46.94
1532 45.94
1533 44.38
1534 42.75
1535 41.31
1536 40.31
1537 38.75
1538 37.81
1539 36.19
1540 34.81
1541 33.25
1542 31.75
1543 30.81
1544 29.31
1545 27.94
1546 27.44
1547 25.5
1548 23.0
1549 21.69
1550 21.25
1551 19.31
1552 17.94
1553 16.62
1554 16.19
1555 14.31
1556 12.94
1557 12.56
1558 11.31
1559 9.44
1560 8.19
1561 7.38
1562 6.5
1563 -2.81
1564 -50.5
1565 -180.31
1566 -400.25
1567 -659.75
1568 -879.81
1569 -1007.69
1570 -1031.69
1571 -976.94
1572 -888.94
1573 -804.19
1574 -743.44
1575 -712.25
1576 -700.25
1577 -691.75
1578 -680.13
1579 -659.63
1580 -633.19
1581 -602.75
1582 -572.63
1583 -545.25
1584 -521.0
1585 -499.31
1586 -478.88
1587 -457.88
1588 -436.19
1589 -415.5
1590 -393.56
1591 -372.13
1592 -352.31
1593 -332.31
1594 -313.38
1595 -293.94
1596 -275.25
1597 -257.63
1598 -240.19
1599 -221.81
1600 -205.13
1601 -189.0
1602 -172.06
1603 -156.75
1604 -132.56
1605 -72.0
1606 72.0
1607 305.63
1608 578.13
1609 811.5
1610 951.69
1611 986.88
1612 945.63
1613 868.13
1614 793.69
1615 746.38
1616 725.19
1617 721.75
1618 725.25
1619 722.0
1620 711.75
1621 694.44
1622 673.25
1623 651.56
1624 633.0
1625 617.0
1626 602.69
1627 589.25
1628 575.94
1629 562.13
1630 548.31
1631 533.19
1632 518.88
1633 504.88
1634 490.81
1635 477.75
1636 464.25
1637 451.94
1638 438.44
1639 425.69
1640 412.5
1641 400.75
1642 388.06
1643 375.44
1644 362.94
1645 351.0
1646 340.0
1647 327.69
1648 316.38
1649 305.56
1650 293.88
1651 282.75
1652 272.63
1653 261.63
1654 251.63
1655 241.25
1656 230.44
1657 221.06
1658 210.81
1659 200.69
1660 191.0
1661 182.0
1662 172.97
1663 163.0
1664 154.13
1665 145.81
1666 136.56
1667 128.34
1668 119.19
1669 111.09
1670 103.06
1671 94.62
1672 86.69
1673 79.34
1674 71.56
1675 63.81
1676 56.66
1677 49.5
1678 42.47
1679 34.95
1680 27.52
1681 286.34
1682 272.55
1683 259.34
1684 245.95
1685 232.9
1686 220.18
1687 207.8
1688 195.51
1689 183.54
1690 171.65
1691 175.44
1692 359.88
1693 344.38
1694 328.23
1695 314.19
1696 299.97
1697 286.34
1698 272.55
1699 259.34
1700 245.95
1701 232.9
1702 220.18
1703 207.8
1704 195.51
1705 183.54
1706 171.65
1707 160.34
1708 148.62
1709 137.73
1710 127.17
1711 116.19
1712 105.79
1713 95.71
1714 85.72
1715 76.05
1716 66.46
1717 57.19
1718 47.77
1719 38.91
1720 30.1
1721 21.42
1722 13.03
1723 4.97
1724 -2.77
1725 -10.92
1726 -18.5
1727 -25.78
1728 -33.22
1729 -40.11
1730 -47.17
1731 -53.63
1732 -60.56
1733 -66.34
1734 -72.91
1735 -78.84
1736 -84.72
1737 -90.56
1738 -95.81
1739 -101.03
1740 -106.66
1741 -111.47
1742 -116.5
1743 -121.16
1744 -126.03
1745 -130.13
1746 -134.88
1747 -139.06
1748 -143.22
1749 -147.03
1750 -150.78
1751 -154.22
1752 -157.84
1753 -161.28
1754 -164.25
1755 -167.88
1756 -170.69
1757 -173.56
1758 -176.13
1759 -178.94
1760 -181.69
1761 -183.81
1762 -185.75
1763 -188.13
1764 -190.38
1765 -192.31
1766 -194.06
1767 -196.19
1768 -197.25
1769 -199.06
1770 -200.31
1771 -201.75
1772 -202.88
1773 -204.0
1774 -205.38
1775 -205.94
1776 -207.13
1777 -207.63
1778 -208.38
1779 -209.0
1780 -209.63
1781 -209.94
1782 -210.44
1783 -210.69
1784 -210.88
1785 -211.13
1786 -211.13
1787 -211.38
1788 -210.38
1789 -211.0
1790 -210.0
1791 -209.5
1792 -209.5
1793 -208.88
1794 -209.31
1795 -207.63
1796 -207.0
1797 -206.88
1798 -206.13
1799 -205.44
1800 -204.19
1801 -202.88
1802 -202.06
1803 -201.31
1804 -200.94
1805 -199.63
1806 -199.25
1807 -197.38
1808 -196.44
1809 -194.38
1810 -192.56
1811 -191.63
1812 -190.0
1813 -188.56
1814 -187.63
1815 -185.0
1816 -183.5
1817 -181.88
1818 -180.38
1819 -178.88
1820 -177.25
1821 -175.69
1822 -172.94
1823 -171.44
1824 -170.25
1825 -167.69
1826 -166.0
1827 -164.88
1828 -163.63
1829 -161.0
1830 -160.25
1831 -158.06
1832 -155.88
1833 -153.13
1834 -150.44
1835 -148.25
1836 -145.56
1837 -143.38
1838 -141.13
1839 -138.94
1840 -136.69
1841 -135.06
1842 -132.31
1843 -130.56
1844 -127.87
1845 -125.25
1846 -124.0
1847 -121.75
1848 -118.56
1849 -116.37
1850 -113.12
1851 -110.44
1852 -109.31
1853 -106.69
1854 -104.94
1855 -108.25
1856 -143.56
1857 -254.0
1858 -452.38
1859 -701.38
1860 -926.06
1861 -1068.97
1862 -1109.94
1863 -1067.38
1864 -982.06
1865 -892.88
1866 -825.34
1867 -784.78
1868 -764.5
1869 -752.25
1870 -737.56
1871 -716.84
1872 -688.75
1873 -655.28
1874 -621.5
1875 -590.44
1876 -561.63
1877 -535.94
1878 -511.42
1879 -480.52
1880 -420.89
1881 -314.2
1882 -159.43
1883 30.43
1884 238.06
1885 432.76
1886 579.11
1887 657.04
1888 668.66
1889 638.05
1890 593.16
1891 552.56
1892 529.77
1893 522.09
1894 523.41
1895 525.66
1896 525.77
1897 518.83
1898 509.39
1899 497.88
1900 487.0
1901 477.09
1902 469.19
1903 462.31
1904 456.38
1905 450.03
1906 442.59
1907 434.66
1908 427.75
1909 420.38
1910 412.47
1911 405.03
1912 398.16
1913 393.25
1914 385.84
1915 378.97
1916 372.56
1917 366.22
1918 359.81
1919 353.5
1920 347.06
1921 341.25
1922 334.88
1923 328.94
1924 322.63
1925 315.75
1926 311.0
1927 304.56
1928 298.81
1929 295.0
1930 289.13
1931 283.88
1932 277.56
1933 272.69
1934 268.0
1935 262.13
1936 257.38
1937 252.13
1938 246.88
1939 241.63
1940 236.94
1941 232.69
1942 227.94
1943 223.25
1944 218.44
1945 213.75
1946 209.13
1947 205.0
1948 200.75
1949 196.63
1950 192.44
1951 187.81
1952 183.56
1953 179.56
1954 176.0
1955 171.25
1956 167.69
1957 163.63
1958 160.0
1959 156.0
1960 152.44
1961 148.94
1962 144.88
1963 140.88
1964 137.44
1965 133.94
1966 129.94
1967 126.5
1968 123.06
1969 113.12
1970 63.75
1971 -67.62
1972 -288.94
1973 -550.0
1974 -773.75
1975 -903.69
1976 -929.38
1977 -877.19
1978 -790.38
1979 -707.75
1980 -649.75
1981 -619.63
1982 -607.31
1983 -602.38
1984 -592.0
1985 -574.94
1986 -548.13
1987 -519.38
1988 -490.44
1989 -464.56
1990 -441.44
1991 -420.94
1992 -401.56
1993 -382.31
1994 -362.56
1995 -342.13
1996 -322.69
1997 -302.44
1998 -282.81
1999 -264.88
2000 -246.0
2001 -228.75
2002 -211.19
2003 -194.69
2004 -177.75
2005 -160.06
2006 -145.44
2007 -128.94
2008 -113.56
2009 -98.37
2010 -84.37
2011 -69.31
2012 -55.5
2013 -41.81
2014 -28.56
2015 -15.25
2016 -2.75
2017 10.13
2018 21.62
2019 33.75
2020 45.13
2021 56.5
2022 68.37
2023 78.37
2024 88.87
2025 99.75
2026 109.5
2027 118.62
2028 128.25
2029 137.0
2030 145.88
2031 154.25
2032 163.25
2033 170.38
2034 178.75
2035 187.63
2036 200.0
2037 242.0
2038 347.63
2039 510.88
2040 681.38
2041 827.25
2042 945.63
2043 1040.63
2044 1104.13
2045 1134.25
2046 1130.88
2047 1102.63
2048 1063.25
2049 1023.63
2050 989.75
2051 963.13
2052 942.63
2053 924.5
2054 905.63
2055 885.0
2056 862.5
2057 839.0
2058 815.5
2059 793.0
2060 771.5
2061 750.63
2062 730.13
2063 709.88
2064 690.13
2065 670.38
2066 650.63
2067 631.75
2068 611.88
2069 593.5
2070 574.88
2071 556.5
2072 538.13
2073 520.13
2074 502.75
2075 485.0
2076 468.75
2077 452.13
2078 435.25
2079 419.0
2080 402.63
2081 386.63
2082 371.13
2083 355.75
2084 340.63
2085 325.88
2086 310.88
2087 296.5
2088 282.5
2089 268.56
2090 254.69
2091 240.94
2092 226.94
2093 213.81
2094 201.06
2095 188.19
2096 175.44
2097 163.63
2098 151.69
2099 139.81
2100 128.13
2101 116.75
2102 105.5
2103 94.19
2104 83.37
2105 72.87
2106 61.88
2107 51.94
2108 41.75
2109 31.78
2110 21.91
2111 12.38
2112 3.16
2113 -5.94
2114 -14.94
2115 -23.87
2116 -32.25
2117 -41.03
2118 -49.44
2119 -57.56
2120 -65.31
2121 -73.25
2122 -80.61
2123 -88.14
2124 -95.59
2125 -102.68
2126 -109.73
2127 -116.42
2128 -123.29
2129 -129.58
2130 -136.04
2131 -141.92
2132 -148.73
2133 -154.45
2134 -159.09
2135 -165.17
2136 -170.19
2137 -175.09
2138 -180.97
2139 -185.73
2140 -190.45
2141 -195.59
2142 -200.16
2143 -205.63
2144 -210.03
2145 -214.34
2146 -218.13
2147 -222.28
2148 -225.88
2149 -228.97
2150 -232.47
2151 -236.38
2152 -239.72
2153 -242.94
2154 -246.31
2155 -248.81
2156 -251.5
2157 -254.56
2158 -257.44
2159 -259.31
2160 -262.25
2161 -264.0
2162 -265.19
2163 -267.88
2164 -269.88
2165 -271.94
2166 -274.5
2167 -275.38
2168 -278.31
2169 -278.56
2170 -280.31
2171 -281.56
2172 -282.63
2173 -284.25
2174 -285.19
2175 -285.75
2176 -286.69
2177 -287.56
2178 -288.38
2179 -288.63
2180 -289.38
2181 -289.06
2182 -288.75
2183 -289.81
2184 -289.88
2185 -289.88
2186 -290.44
2187 -291.31
2188 -290.25
2189 -290.5
2190 -290.25
2191 -289.88
2192 -289.13
2193 -288.88
2194 -287.88
2195 -287.38
2196 -285.5
2197 -286.0
2198 -285.0
2199 -284.5
2200 -283.25
2201 -282.63
2202 -281.13
2203 0
2204 186.66
2205 130.19
2206 80.2
2207 54.69
2208 44.89
2209 42.67
2210 54.48
2211 78.41
2212 92.61
2213 88.41
2214 246.55
2215 248.5
2216 245.94
2217 232.86
2218 222.83
2219 223.89
2220 219.88
2221 186.66
2222 130.19
2223 80.2
2224 54.69
2225 44.89
2226 42.67
2227 54.48
2228 78.41
2229 92.61
2230 88.41
2231 83.23
2232 90.84
2233 95.91
2234 88.12
2235 78.39
2236 77.77
2237 76.59
2238 51.72
2239 4.78
2240 -33.97
2241 -49.64
2242 -53.13
2243 -52.33
2244 -37.28
2245 -9.38
2246 9.3
2247 9.05
2248 7.52
2249 17.3
2250 19.47
2251 -11.91
2252 -71.0
2253 -121.77
2254 -144.8
2255 -149.36
2256 -146.83
2257 -127.33
2258 -94.25
2259 -70.94
2260 -65.08
2261 -59.53
2262 -42.0
2263 -32.61
2264 -42.83
2265 -59.73
2266 -64.41
2267 -67.78
2268 -93.87
2269 -140.97
2270 -177.69
2271 -185.72
2272 -179.91
2273 -172.34
2274 -157.09
2275 -134.75
2276 -125.53
2277 -144.66
2278 -180.84
2279 -221.88
2280 -268.31
2281 -324.53
2282 -376.88
2283 -403.0
2284 -393.06
2285 -363.88
2286 -326.91
2287 -278.5
2288 -222.72
2289 -178.41
2290 -159.0
2291 -159.97
2292 -171.42
2293 -191.0
2294 -212.14
2295 -220.52
2296 -210.28
2297 -194.89
2298 -188.83
2299 -187.8
2300 -169.78
2301 -126.62
2302 -75.09
2303 -33.52
2304 -3.56
2305 14.36
2306 18.34
2307 19.08
2308 40.52
2309 89.28
2310 140.58
2311 179.13
2312 213.05
2313 246.14
2314 260.38
2315 232.2
2316 173.01
2317 116.57
2318 86.12
2319 75.71
2320 77.11
2321 93.5
2322 121.22
2323 138.17
2324 137.43
2325 134.7
2326 138.46
2327 134.41
2328 107.64
2329 67.84
2330 31.9
2331 3.78
2332 -25.34
2333 -52.18
2334 -57.27
2335 -34.81
2336 -5.05
2337 20.45
2338 51.21
2339 89.67
2340 115.52
2341 123.62
2342 130.38
2343 145.56
2344 152.08
2345 136.51
2346 113.06
2347 100.56
2348 94.41
2349 73.05
2350 36.38
2351 10.28
2352 7.68
2353 14.09
2354 20.45
2355 36.24
2356 64.13
2357 81.76
2358 81.46
2359 83.16
2360 96.33
2361 102.36
2362 79.07
2363 36.49
2364 4.03
2365 -10.38
2366 -22.9
2367 -39.81
2368 -42.05
2369 -25.02
2370 -7.65
2371 0.08
2372 14.48
2373 39.99
2374 57.27
2375 57.13
2376 58.99
2377 74.31
2378 81.24
2379 57.09
2380 11.41
2381 -23.87
2382 -37.56
2383 -47.63
2384 -59.34
2385 -56.44
2386 -32.31
2387 -10.64
2388 -1.67
2389 10.21
2390 34.0
2391 49.3
2392 46.96
2393 48.13
2394 65.04
2395 74.78
2396 51.67
2397 5.26
2398 -31.72
2399 -46.11
2400 -55.11
2401 -66.77
2402 -63.81
2403 -40.13
2404 -19.9
2405 -13.85
2406 -3.12
2407 21.79
2408 39.2
2409 39.2
2410 41.94
2411 60.15
2412 68.69
2413 35.14
2414 -35.61
2415 -97.46
2416 -122.23
2417 -123.0
2418 -111.01
2419 -78.84
2420 -31.72
2421 2.23
2422 9.38
2423 14.45
2424 31.97
2425 41.08
2426 22.11
2427 -10.45
2428 -30.21
2429 -38.04
2430 -56.79
2431 -89.61
2432 -107.11
2433 -97.19
2434 -78.6
2435 -64.41
2436 -39.59
2437 -1.0
2438 25.25
2439 30.0
2440 33.96
2441 52.12
2442 60.1
2443 29.52
2444 -28.8
2445 -75.09
2446 -92.93
2447 -96.6
2448 -97.48
2449 -81.83
2450 -47.06
2451 -18.84
2452 -7.39
2453 6.45
2454 32.68
2455 50.66
2456 51.22
2457 55.52
2458 76.25
2459 87.55
2460 52.48
2461 -18.78
2462 -80.64
2463 -105.66
2464 -103.94
2465 -91.48
2466 -59.12
2467 -13.27
2468 19.39
2469 27.74
2470 37.27
2471 59.97
2472 75.95
2473 73.77
2474 72.08
2475 86.91
2476 95.09
2477 63.69
2478 -1.95
2479 -59.74
2480 -80.23
2481 -77.77
2482 -64.08
2483 -32.25
2484 15.05
2485 48.66
2486 57.2
2487 64.89
2488 85.03
2489 96.22
2490 80.77
2491 53.97
2492 39.89
2493 35.44
2494 13.78
2495 -24.69
2496 -50.05
2497 -45.66
2498 -31.33
2499 -18.86
2500 5.0
2501 42.64
2502 68.42
2503 72.22
2504 76.95
2505 95.66
2506 103.91
2507 73.56
2508 13.23
2509 -36.77
2510 -57.33
2511 -64.7
2512 -67.48
2513 -51.97
2514 -18.61
2515 9.72
2516 21.0
2517 36.22
2518 63.75
2519 83.05
2520 84.41
2521 90.02
2522 110.52
2523 119.81
2524 84.27
2525 10.05
2526 -56.0
2527 -83.97
2528 -84.87
2529 -71.77
2530 -39.03
2531 8.66
2532 43.16
2533 52.84
2534 62.69
2535 83.44
2536 95.72
2537 85.89
2538 71.37
2539 71.98
2540 73.81
2541 47.39
2542 -5.58
2543 -47.27
2544 -57.09
2545 -49.58
2546 -36.63
2547 -9.02
2548 32.31
2549 60.78
2550 66.73
2551 73.36
2552 92.66
2553 102.53
2554 82.8
2555 50.48
2556 31.72
2557 25.84
2558 8.52
2559 -22.91
2560 -42.02
2561 -35.2
2562 -20.2
2563 -9.56
2564 10.47
2565 43.05
2566 65.59
2567 67.91
2568 73.7
2569 94.67
2570 106.94
2571 82.84
2572 32.69
2573 -6.77
2574 -23.59
2575 -34.53
2576 -48.61
2577 -47.03
2578 -25.22
2579 -5.61
2580 2.83
2581 19.41
2582 49.88
2583 71.53
2584 75.23
2585 81.64
2586 103.72
2587 114.09
2588 80.61
2589 7.67
2590 -58.38
2591 -89.05
2592 -93.66
2593 -83.73
2594 -52.38
2595 -6.55
2596 26.84
2597 37.45
2598 47.94
2599 70.09
2600 84.02
2601 74.28
2602 58.17
2603 55.17
2604 53.45
2605 25.75
2606 -25.73
2607 -65.72
2608 -74.36
2609 -65.62
2610 -52.98
2611 -26.7
2612 14.11
2613 42.04
2614 48.46
2615 55.07
2616 73.11
2617 80.73
2618 59.25
2619 24.45
2620 4.0
2621 -1.8
2622 -15.03
2623 -41.39
2624 -55.24
2625 -44.97
2626 -29.03
2627 -19.49
2628 -1.03
2629 29.02
2630 49.53
2631 51.61
2632 57.9
2633 79.36
2634 90.89
2635 65.03
2636 14.16
2637 -26.75
2638 -43.04
2639 -52.42
2640 -62.95
2641 -58.13
2642 -34.84
2643 -16.27
2644 -9.36
2645 3.24
2646 29.98
2647 49.45
2648 52.76
2649 60.77
2650 81.95
2651 91.67
2652 56.55
2653 -15.52
2654 -79.93
2655 -107.24
2656 -108.78
2657 -95.79
2658 -63.66
2659 -18.05
2660 13.39
2661 22.53
2662 30.35
2663 49.58
2664 61.63
2665 57.57
2666 57.28
2667 72.73
2668 81.54
2669 50.75
2670 -15.27
2671 -72.18
2672 -94.06
2673 -91.98
2674 -79.4
2675 -50.17
2676 -9.46
2677 18.39
2678 23.73
2679 30.27
2680 49.49
2681 60.28
2682 42.71
2683 10.55
2684 -8.57
2685 -16.02
2686 -34.15
2687 -66.1
2688 -85.0
2689 -78.97
2690 -64.73
2691 -52.61
2692 -30.6
2693 4.97
2694 29.22
2695 34.49
2696 42.95
2697 63.83
2698 72.76
2699 39.6
2700 -25.26
2701 -82.28
2702 -108.52
2703 -114.24
2704 -110.16
2705 -86.84
2706 -45.72
2707 -14.22
2708 -1.75
2709 10.1
2710 33.1
2711 47.62
2712 45.51
2713 47.16
2714 62.79
2715 69.01
2716 35.17
2717 -30.37
2718 -84.3
2719 -104.73
2720 -102.96
2721 -92.44
2722 -65.25
2723 -23.8
2724 5.03
2725 12.34
2726 19.84
2727 37.76
2728 48.76
2729 46.41
2730 51.07
2731 72.68
2732 85.33
2733 55.1
2734 -11.61
2735 -70.21
2736 -95.26
2737 -96.57
2738 -86.35
2739 -59.47
2740 -18.32
2741 10.7
2742 17.23
2743 25.41
2744 45.28
2745 58.97
2746 56.52
2747 59.07
2748 77.11
2749 86.96
2750 54.46
2751 -14.76
2752 -76.84
2753 -104.83
2754 -107.56
2755 -97.24
2756 -67.01
2757 -20.05
2758 13.25
2759 21.99
2760 28.64
2761 46.48
2762 54.91
2763 29.98
2764 -14.72
2765 -48.74
2766 -64.21
2767 -79.28
2768 -98.95
2769 -103.16
2770 -82.84
2771 -61.17
2772 -48.45
2773 -28.58
2774 4.36
2775 27.48
2776 32.41
2777 37.77
2778 56.59
2779 65.47
2780 38.27
2781 -13.2
2782 -53.19
2783 -69.06
2784 -78.53
2785 -90.63
2786 -85.12
2787 -59.41
2788 -35.91
2789 -25.62
2790 -10.18
2791 17.63
2792 35.69
2793 34.3
2794 36.2
2795 54.57
2796 64.75
2797 35.09
2798 4.0
2799 -72.42
2800 -76.78
2801 0.34
2802 -11.6
2803 7.53
2804 31.23
2805 42.97
2806 40.34
2807 39.46
2808 46.61
2809 47.67
2810 37.47
2811 32.6
2812 43.02
2813 50.35
2814 29.59
2815 -14.48
2816 -54.38
2817 -72.42
2818 -76.78
2819 -74.35
2820 -58.17
2821 -30.89
2822 -10.59
2823 -0.48
2824 16.03
2825 42.4
2826 57.26
2827 44.74
2828 17.57
2829 -1.86
2830 -14.6
2831 -35.48
2832 -64.66
2833 -84.58
2834 -88.04
2835 -85.2
2836 -78.62
2837 -55.61
2838 -20.03
2839 4.46
2840 9.73
2841 14.22
2842 26.64
2843 28.46
2844 -0.25
2845 -52.7
2846 -102.39
2847 -136.38
2848 -161.3
2849 -176.7
2850 -171.45
2851 -146.45
2852 -123.91
2853 -116.06
2854 -112.28
2855 -105.74
2856 -106.51
2857 -117.52
2858 -120.64
2859 -110.72
2860 -104.12
2861 -117.57
2862 -145.64
2863 -159.16
2864 -148.29
2865 -127.76
2866 -115.62
2867 -112.34
2868 -116.58
2869 -132.26
2870 -153.27
2871 -162.82
2872 -155.0
2873 -140.74
2874 -127.34
2875 -105.78
2876 -69.91
2877 -35.86
2878 -24.11
2879 -37.96
2880 -56.93
2881 -66.97
2882 -70.41
2883 -70.8
2884 -63.94
2885 -51.12
2886 -41.41
2887 -35.29
2888 -19.97
2889 7.47
2890 30.65
2891 32.37
2892 15.32
2893 -3.33
2894 -15.8
2895 -24.92
2896 -24.95
2897 -6.47
2898 30.84
2899 68.32
2900 98.67
2901 130.24
2902 164.76
2903 186.69
2904 190.13
2905 188.77
2906 189.63
2907 180.95
2908 155.59
2909 126.94
2910 116.52
2911 124.93
2912 131.26
2913 130.24
2914 131.72
2915 140.65
2916 141.5
2917 129.81
2918 116.72
2919 107.23
2920 92.77
2921 77.23
2922 78.55
2923 101.58
2924 121.66
2925 111.78
2926 74.23
2927 36.25
2928 14.88
2929 2.92
2930 -12.16
2931 -28.09
2932 -45.66
2933 -70.03
2934 -100.92
2935 -125.5
2936 -138.11
2937 -148.33
2938 -167.94
2939 -200.33
2940 -240.67
2941 -280.33
2942 -311.08
2943 -329.28
2944 -332.48
2945 -323.63
2946 -306.03
2947 -284.58
2948 -260.75
2949 -236.38
2950 -211.92
2951 -187.42
2952 -161.59
2953 -135.25
2954 -108.87
2955 -83.22
2956 -58.55
2957 -35.8
2958 -14.55
2959 5.81
2960 24.66
2961 43.38
2962 59.63
2963 75.28
2964 89.72
2965 103.31
2966 116.5
2967 127.59
2968 139.0
2969 149.31
2970 157.94
2971 166.09
2972 172.53
2973 178.69
2974 184.25
2975 188.47
2976 192.41
2977 195.28
2978 197.06
2979 199.06
2980 200.28
2981 200.72
2982 201.09
2983 201.44
2984 201.47
2985 202.25
2986 202.97
2987 202.72
2988 201.66
2989 199.31
2990 195.44
2991 191.31
2992 186.97
2993 183.94
2994 181.13
2995 179.06
2996 176.69
2997 174.84
2998 173.22
2999 171.91
3000 170.03
3001 167.84
3002 165.72
3003 163.56
3004 161.44
3005 159.78
3006 157.34
3007 156.47
3008 154.75
3009 153.34
3010 151.34
3011 149.91
3012 148.97
3013 149.25
3014 149.69
3015 155.44
3016 172.56
3017 198.53
3018 223.97
3019 245.88
3020 271.34
3021 306.0
3022 337.59
3023 346.25
3024 321.84
3025 267.88
3026 195.56
3027 121.44
3028 56.41
3029 7.47
3030 -25.75
3031 -46.41
3032 -59.59
3033 -70.22
3034 -78.22
3035 -85.31
3036 -90.16
3037 -92.66
3038 -93.16
3039 -91.09
3040 -87.3
3041 -83.3
3042 -77.77
3043 -72.58
3044 -66.16
3045 -60.05
3046 -53.72
3047 -46.95
3048 -41.45
3049 -36.3
3050 -31.41
3051 -27.08
3052 -22.27
3053 -19.23
3054 -16.73
3055 -14.27
3056 -13.33
3057 -13.14
3058 -11.67
3059 -10.5
3060 -8.56
3061 -6.42
3062 -3.25
3063 0.09
3064 2.67
3065 4.72
3066 5.77
3067 6.3
3068 6.82
3069 7.09
3070 7.09
3071 7.12
3072 6.88
3073 6.39
3074 6.41
3075 5.41
3076 4.45
3077 2.47
3078 0.02
3079 -2.16
3080 -3.06
3081 -2.97
3082 -3.13
3083 -2.02
3084 -1.18
3085 0.15
3086 1.22
3087 5.29
3088 20.81
3089 59.69
3090 126.7
3091 218.09
3092 317.6
3093 403.41
3094 456.88
3095 471.03
3096 454.24
3097 420.53
3098 384.57
3099 355.88
3100 335.89
3101 323.78
3102 314.99
3103 305.98
3104 294.76
3105 280.33
3106 265.02
3107 250.02
3108 234.91
3109 220.88
3110 208.95
3111 196.59
3112 184.58
3113 173.14
3114 161.27
3115 149.5
3116 137.56
3117 126.2
3118 115.19
3119 104.48
3120 94.14
3121 83.86
3122 73.66
3123 63.56
3124 53.75
3125 44.34
3126 35.47
3127 26.41
3128 17.22
3129 8.81
3130 0.53
3131 -7.94
3132 -16.09
3133 -23.69
3134 -31.69
3135 -38.88
3136 -46.44
3137 -53.5
3138 -60.19
3139 -67.34
3140 -73.87
3141 -79.91
3142 -86.0
3143 -92.06
3144 -98.19
3145 -104.19
3146 -109.75
3147 -115.06
3148 -120.37
3149 -125.5
3150 -130.44
3151 -135.19
3152 -140.0
3153 -144.13
3154 -148.81
3155 -152.81
3156 -157.06
3157 -161.06
3158 -164.88
3159 -168.19
3160 -172.0
3161 -175.44
3162 -178.31
3163 -181.69
3164 -184.69
3165 -187.63
3166 -190.06
3167 -192.63
3168 -195.19
3169 -197.5
3170 -200.25
3171 -202.13
3172 -204.19
3173 -206.06
3174 -207.81
3175 -209.81
3176 -211.13
3177 -212.75
3178 -214.06
3179 -215.44
3180 -216.38
3181 -217.81
3182 -218.69
3183 -219.56
3184 -220.06
3185 -221.13
3186 -221.88
3187 -222.06
3188 -223.0
3189 -223.06
3190 -223.06
3191 -223.13
3192 -223.19
3193 -223.69
3194 -223.13
3195 -222.56
3196 -223.44
3197 -222.69
3198 -222.5
3199 -221.38
3200 -221.63
3201 -220.75
3202 -220.56
3203 -220.13
3204 -219.31
3205 -217.88
3206 -217.5
3207 -217.06
3208 -215.63
3209 -214.56
3210 -214.06
3211 -212.0
3212 -211.44
3213 -210.44
3214 -208.75
3215 -207.19
3216 -206.06
3217 -204.38
3218 -203.25
3219 -201.5
3220 -199.75
3221 -198.63
3222 -196.38
3223 -194.63
3224 -193.88
3225 -191.56
3226 -189.75
3227 -187.94
3228 -186.06
3229 -183.75
3230 -182.44
3231 -180.56
3232 -178.75
3233 -175.81
3234 -174.44
3235 -172.13
3236 -169.63
3237 -168.25
3238 -165.44
3239 -163.5
3240 -161.56
3241 -159.13
3242 -156.69
3243 -154.31
3244 -151.88
3245 -150.44
3246 -147.56
3247 -145.63
3248 -142.63
3249 -140.75
3250 -137.81
3251 -135.31
3252 -133.44
3253 -131.06
3254 -128.63
3255 -126.19
3256 -123.25
3257 -121.81
3258 -118.94
3259 -116.0
3260 -114.06
3261 -111.19
3262 -108.81
3263 -106.37
3264 -103.56
3265 -101.19
3266 -98.25
3267 -95.87
3268 -93.12
3269 -91.31
3270 -88.44
3271 -86.62
3272 -83.25
3273 -80.94
3274 -78.62
3275 -75.94
3276 -73.62
3277 -70.94
3278 -68.75
3279 -65.37
3280 -63.19
3281 -61.06
3282 -58.38
3283 -56.69
3284 -53.47
3285 -51.38
3286 -49.25
3287 -46.59
3288 -44.0
3289 -41.91
3290 -38.84
3291 -36.78
3292 -35.22
3293 -32.22
3294 -30.16
3295 -27.72
3296 -25.25
3297 -23.28
3298 -20.34
3299 -18.87
3300 -15.97
3301 -14.09
3302 -11.69
3303 -9.38
3304 -7.56
3305 -5.25
3306 -2.94
3307 -0.67
3308 1.58
3309 3.83
3310 6.02
3311 7.22
3312 10.41
3313 12.55
3314 13.69
3315 15.8
3316 18.37
3317 19.97
3318 21.51
3319 23.03
3320 25.55
3321 27.04
3322 29.5
3323 30.95
3324 32.87
3325 34.77
3326 36.65
3327 38.51
3328 40.84
3329 42.15
3330 43.44
3331 45.7
3332 46.95
3333 49.18
3334 50.37
3335 51.55
3336 53.7
3337 54.84
3338 55.95
3339 58.02
3340 59.09
3341 61.14
3342 61.67
3343 63.17
3344 65.17
3345 66.12
3346 67.53
3347 69.47
3348 70.36
3349 71.72
3350 73.05
3351 74.36
3352 75.19
3353 76.92
3354 77.22
3355 78.41
3356 0
3357 0
3358 42.75
3359 42.34
3360 42.0
3361 41.63
3362 41.13
3363 40.75
3364 40.38
3365 40.0
3366 39.56
3367 39.19
3368 38.78
3369 38.38
3370 38.0
3371 37.59
3372 37.16
3373 36.78
3374 36.34
3375 35.94
3376 35.47
3377 35.03
3378 34.66
3379 34.25
3380 33.78
3381 33.34
3382 32.94
3383 32.53
3384 32.13
3385 31.69
3386 31.27
3387 30.84
3388 30.41
3389 29.98
3390 29.52
3391 29.08
3392 28.66
3393 28.22
3394 27.8
3395 27.37
3396 26.94
3397 26.48
3398 26.08
3399 25.66
3400 25.22
3401 24.8
3402 24.34
3403 23.89
3404 23.45
3405 23.03
3406 22.59
3407 22.17
3408 21.75
3409 21.31
3410 20.87
3411 20.45
3412 20.05
3413 19.62
3414 19.19
3415 18.77
3416 18.34
3417 17.92
3418 17.5
3419 17.09
3420 16.64
3421 16.2
3422 15.8
3423 15.41
3424 14.97
3425 14.56
3426 14.16
3427 13.75
3428 13.36
3429 12.94
3430 12.55
3431 12.14
3432 11.77
3433 11.36
3434 10.95
3435 10.58
3436 10.19
3437 9.78
3438 9.39
3439 9.03
3440 8.64
3441 8.27
3442 7.89
3443 7.5
3444 7.13
3445 6.75
3446 6.38
3447 6.03
3448 5.66
3449 5.31
3450 4.94
3451 4.59
3452 4.2
3453 3.84
3454 3.5
3455 3.16
3456 2.83
3457 2.48
3458 2.13
3459 1.81
3460 1.47
3461 1.14
3462 0.84
3463 0.5
3464 0.19
3465 -0.13
3466 -0.45
3467 -0.76
3468 -1.06
3469 -1.37
3470 -1.68
3471 -1.94
3472 -2.15
3473 -2.35
3474 -2.6
3475 -2.93
3476 -3.31
3477 -3.7
3478 -4.04
3479 -4.36
3480 -4.63
3481 -4.87
3482 -5.1
3483 -5.34
3484 -5.61
3485 -5.86
3486 -6.12
3487 -6.39
3488 -6.63
3489 -6.88
3490 -7.11
3491 -7.34
3492 -7.58
3493 -7.82
3494 -8.03
3495 -8.25
3496 -8.48
3497 -8.69
3498 -8.9
3499 -9.11
3500 -9.32
3501 -9.52
3502 -9.72
3503 -9.92
3504 -10.12
3505 -10.3
3506 -10.49
3507 -10.67
3508 -10.86
3509 -11.03
3510 -11.21
3511 -11.38
3512 -11.54
3513 -11.7
3514 -11.87
3515 -12.02
3516 -12.17
3517 -12.32
3518 -12.47
3519 -12.62
3520 -12.75
3521 -12.89
3522 -13.03
3523 -13.16
3524 -13.29
3525 -13.41
3526 -13.54
3527 -13.65
3528 -13.77
3529 -13.88
3530 -13.99
3531 -14.1
3532 -14.2
3533 -14.3
3534 -14.4
3535 -14.49
3536 -14.58
3537 -14.67
3538 -14.75
3539 -14.83
3540 -14.91
3541 -14.99
3542 -15.06
3543 -15.13
3544 -15.2
3545 -15.26
3546 -15.32
3547 -15.38
3548 -15.43
3549 -15.49
3550 -15.54
3551 -15.58
3552 -15.63
3553 -15.67
3554 -15.71
3555 -15.74
3556 -15.77
3557 -15.8
3558 -15.83
3559 -15.86
3560 -15.88
3561 -15.9
3562 -15.92
3563 -15.93
3564 -15.95
3565 -15.96
3566 -15.96
3567 -15.97
3568 -15.96
3569 -15.93
3570 -15.84
3571 -15.75
3572 -15.7
3573 -15.72
3574 -15.81
3575 -15.89
3576 -15.95
3577 -15.96
3578 -15.94
3579 -15.89
3580 -15.84
3581 -15.79
3582 -15.76
3583 -15.73
3584 -15.71
3585 -15.54
3586 -14.75
3587 -13.1
3588 -11.29
3589 -10.46
3590 -11.16
3591 -12.93
3592 -14.91
3593 -16.38
3594 -17.01
3595 -16.87
3596 -16.34
3597 -15.74
3598 -7.8
3599 30.82
3600 112.84
3601 202.82
3602 241.98
3603 204.65
3604 112.51
3605 9.13
3606 -68.02
3607 -102.6
3608 -99.37
3609 -75.11
3610 -47.83
3611 -29.46
3612 -23.57
3613 -27.33
3614 -35.16
3615 -42.09
3616 -45.41
3617 -44.89
3618 -42.03
3619 -38.69
3620 -36.23
3621 -35.12
3622 -35.11
3623 -35.52
3624 -35.85
3625 -35.77
3626 -35.27
3627 -34.53
3628 -33.7
3629 -32.95
3630 -32.34
3631 -31.87
3632 -31.45
3633 -31.02
3634 -30.57
3635 -30.09
3636 -29.58
3637 -29.06
3638 -28.55
3639 -28.05
3640 -27.57
3641 -27.11
3642 -26.64
3643 -26.18
3644 -25.73
3645 -25.25
3646 -24.79
3647 -24.32
3648 -23.88
3649 -23.41
3650 -22.9
3651 -22.31
3652 -21.69
3653 -21.17
3654 -20.82
3655 -20.57
3656 -20.36
3657 -20.08
3658 -19.76
3659 -19.31
3660 -18.87
3661 -18.41
3662 -17.95
3663 -17.48
3664 -16.93
3665 -16.37
3666 -15.91
3667 -15.62
3668 -15.41
3669 -15.23
3670 -15.02
3671 -14.7
3672 -14.32
3673 -13.91
3674 -13.49
3675 -13.1
3676 -12.74
3677 -12.4
3678 -12.05
3679 -11.73
3680 -11.36
3681 -10.94
3682 -10.51
3683 -10.13
3684 -9.84
3685 -9.61
3686 -9.4
3687 -9.14
3688 -8.86
3689 -8.55
3690 -8.23
3691 -7.9
3692 -7.59
3693 -7.26
3694 -6.98
3695 -6.71
3696 -6.41
3697 -6.05
3698 -5.61
3699 -5.14
3700 -4.8
3701 -4.6
3702 -4.5
3703 -4.45
3704 -4.34
3705 -4.15
3706 -3.89
3707 -3.59
3708 -3.28
3709 3.55
3710 37.44
3711 109.41
3712 188.4
3713 230.35
3714 236.14
3715 237.16
3716 236.34
3717 207.86
3718 140.42
3719 51.23
3720 -30.8
3721 -83.82
3722 -101.82
3723 -92.8
3724 -71.22
3725 -50.45
3726 -30.47
3727 10.98
3728 89.68
3729 174.41
3730 216.04
3731 210.64
3732 190.47
3733 167.39
3734 126.73
3735 61.75
3736 -13.95
3737 -79.02
3738 -118.47
3739 -127.11
3740 -104.97
3741 -60.02
3742 -14.0
3743 16.19
3744 45.23
3745 95.34
3746 148.63
3747 164.52
3748 135.31
3749 87.04
3750 39.26
3751 -6.66
3752 -51.6
3753 -90.94
3754 -118.49
3755 -131.36
3756 -125.62
3757 -88.49
3758 -16.02
3759 60.74
3760 102.82
