0 0.0
1 7.98
2 6.27
3 1.77
4 -21.91
5 -32.11
6 -12.97
7 -3.75
8 -44.34
9 -100.84
10 -104.81
11 -45.19
12 22.87
13 58.3
14 76.62
15 0
16 101.5
17 85.42
18 40.0
19 7.98
20 6.27
21 1.77
22 -21.91
23 -32.11
24 -12.97
25 -3.75
26 -44.34
27 -100.84
28 -104.81
29 -45.19
30 22.87
31 58.3
32 76.62
33 7.52
34 53.2
35 171.92
36 340.46
37 474.85
38 524.29
39 517.7
40 491.98
41 436.68
42 341.76
43 253.83
44 240.65
45 305.27
46 379.23
47 413.25
48 420.97
49 417.17
50 382.2
51 317.33
52 267.41
53 252.86
54 239.3
55 206.45
56 191.11
57 228.48
58 289.07
59 309.24
60 275.08
61 233.48
62 213.22
63 191.06
64 155.42
65 136.36
66 143.69
67 139.69
68 106.45
69 77.45
70 71.22
71 56.78
72 18.73
73 0.78
74 45.98
75 127.16
76 171.41
77 150.88
78 107.19
79 73.28
80 34.53
81 -14.16
82 -39.38
83 -31.0
84 -29.12
85 -54.25
86 -73.97
87 -69.72
88 -74.44
89 -106.41
90 -123.87
91 -82.09
92 -4.09
93 39.69
94 21.97
95 -18.69
96 -51.59
97 -90.37
98 -137.22
99 -156.97
100 -140.09
101 -129.75
102 -149.44
103 -167.81
104 -165.5
105 -176.75
106 -230.94
107 -291.69
108 -291.69
109 -223.06
110 -147.75
111 -109.62
112 -93.31
113 -84.5
114 -105.31
115 -155.25
116 -189.69
117 -188.5
118 -187.44
119 -209.0
120 -222.13
121 -205.5
122 -192.94
123 -223.13
124 -272.56
125 -278.19
126 -227.44
127 -172.06
128 -148.63
129 -138.44
130 -129.19
131 -145.38
132 -189.19
133 -216.88
134 -209.0
135 -202.88
136 -220.94
137 -225.44
138 -173.44
139 -89.94
140 -44.31
141 -61.94
142 -100.25
143 -126.06
144 -155.31
145 -194.63
146 -211.81
147 -198.25
148 -192.44
149 -212.88
150 -225.5
151 -211.94
152 -206.63
153 -229.94
154 -239.5
155 -191.13
156 -108.37
157 -60.81
158 -75.0
159 -110.0
160 -134.44
161 -163.75
162 -203.06
163 -217.88
164 -197.25
165 -183.25
166 -198.81
167 -211.44
168 -202.38
169 -206.31
170 -254.31
171 -309.13
172 -305.31
173 -233.88
174 -157.06
175 -117.44
176 -100.44
177 -91.31
178 -111.06
179 -157.19
180 -184.75
181 -174.13
182 -163.69
183 -177.69
184 -186.31
185 -172.94
186 -173.31
187 -219.06
188 -274.81
189 -271.69
190 -200.13
191 -121.06
192 -78.12
193 -56.56
194 -41.31
195 -54.38
196 -99.37
197 -130.44
198 -128.06
199 -125.56
200 -145.88
201 -148.31
202 -93.87
203 -6.13
204 42.94
205 29.12
206 -6.13
207 -29.37
208 -56.19
209 -93.56
210 -108.5
211 -91.06
212 -81.5
213 -99.56
214 -110.62
215 -97.84
216 -93.91
217 -117.81
218 -125.69
219 -73.69
220 12.59
221 62.81
222 51.03
223 17.16
224 -4.41
225 -31.06
226 -68.19
227 -83.47
228 -66.62
229 -56.91
230 -75.31
231 -87.72
232 -76.03
233 -72.44
234 -95.84
235 -103.28
236 -50.13
237 39.0
238 92.06
239 79.19
240 41.41
241 12.66
242 -21.78
243 -62.91
244 -76.94
245 -54.77
246 -38.59
247 -51.03
248 -60.61
249 -45.84
250 -44.95
251 -90.56
252 -147.48
253 -147.13
254 -78.47
255 -0.7
256 41.09
257 63.01
258 77.47
259 62.55
260 16.98
261 -13.16
262 -7.02
263 -1.7
264 -18.92
265 -22.98
266 21.25
267 85.08
268 109.06
269 82.8
270 57.27
271 57.96
272 58.14
273 41.57
274 35.88
275 49.98
276 51.47
277 25.91
278 8.84
279 19.44
280 22.42
281 -0.37
282 -8.95
283 41.8
284 126.58
285 175.8
286 163.3
287 130.39
288 108.77
289 82.56
290 45.84
291 28.73
292 42.22
293 48.88
294 28.67
295 14.42
296 25.55
297 28.59
298 5.33
299 -2.0
300 51.75
301 140.0
302 191.22
303 177.69
304 140.25
305 111.81
306 78.94
307 37.81
308 22.59
309 40.44
310 51.47
311 35.09
312 23.81
313 36.66
314 36.94
315 -8.59
316 -63.16
317 -60.75
318 7.59
319 82.87
320 121.97
321 143.16
322 158.38
323 144.66
324 100.84
325 69.62
326 73.22
327 75.78
328 56.31
329 44.47
330 59.69
331 62.06
332 19.44
333 -35.88
334 -38.66
335 22.16
336 90.87
337 126.5
338 145.63
339 161.69
340 150.06
341 107.94
342 78.81
343 81.44
344 83.62
345 63.19
346 60.0
347 115.0
348 201.69
349 250.69
350 235.94
351 197.56
352 167.06
353 132.19
354 90.31
355 74.5
356 91.75
357 102.44
358 85.5
359 74.0
360 82.75
361 80.94
362 53.38
363 42.25
364 92.81
365 178.88
366 229.13
367 216.44
368 179.0
369 149.88
370 115.5
371 72.94
372 56.63
373 75.31
374 87.81
375 71.94
376 58.5
377 66.37
378 63.13
379 21.25
380 -22.25
381 -9.13
382 59.06
383 121.06
384 140.56
385 143.06
386 147.63
387 133.13
388 93.94
389 68.69
390 73.31
391 72.62
392 47.81
393 30.75
394 42.81
395 43.38
396 -0.75
397 -57.06
398 -60.06
399 0.5
400 68.06
401 102.56
402 123.87
403 143.19
404 134.31
405 92.31
406 60.06
407 59.19
408 54.94
409 31.37
410 25.44
411 78.06
412 162.81
413 211.06
414 196.0
415 160.94
416 137.44
417 109.19
418 69.87
419 53.13
420 68.87
421 77.44
422 60.44
423 46.5
424 51.75
425 43.63
426 10.13
427 -4.31
428 44.81
429 131.75
430 183.38
431 172.56
432 137.56
433 109.87
434 75.62
435 32.69
436 15.81
437 34.38
438 47.63
439 31.12
440 19.12
441 30.0
442 30.19
443 -5.88
444 -39.69
445 -16.12
446 56.06
447 111.19
448 116.12
449 101.56
450 89.56
451 63.88
452 19.75
453 -3.31
454 7.31
455 14.19
456 -5.31
457 -20.12
458 -11.38
459 -15.06
460 -60.38
461 -110.06
462 -92.69
463 26.37
